8023 201906051200 0 1 - 98.4
8023 201906051200 1 2 - 96.6
8023 201906051200 2 3 - 94.9
8023 201906051200 3 4 - 88.3
8023 201906051200 4 5 -51.65 85.6
8023 201906051200 5 6 - 85.5
8023 201906051200 6 7 - 82.2
8023 201906051200 7 8 - 80.2
8023 201906051200 8 9 - 75.7
8023 201906051200 9 10 - 73.4
8023 201906051200 10 11 - 71.3
8023 201906051200 11 12 -54.65 70
8023 201906051200 12 13 - 69.8
8023 201906051200 13 14 - 68.3
8023 201906051200 14 15 - 65.6
8023 201906051200 15 16 - 62.7
8023 201906051200 16 17 -55.85 61.7
8023 201906051200 17 18 - 57.3
8023 201906051200 18 19 - 54.5
8023 201906051200 19 20 -52.85 53.9
8023 201906051200 20 21 - 52.9
8023 201906051200 21 22 - 50.8
8023 201906051200 22 23 -54.25 50
8023 201906051200 23 24 - 49.6
8023 201906051200 24 25 - 48.5
8023 201906051200 25 26 - 47.2
8023 201906051200 26 27 - 43.3
8023 201906051200 27 28 - 41.9
8023 201906051200 28 29 -54.85 41.1
8023 201906051200 29 30 - 39.1
8023 201906051200 30 31 - 36.9
8023 201906051200 31 32 - 36.2
8023 201906051200 32 33 - 34.9
8023 201906051200 33 34 - 33.3
8023 201906051200 34 35 - 32.1
8023 201906051200 35 36 -50.85 31.8
8023 201906051200 36 37 - 30
8023 201906060000 0 1 12.85 1010
8023 201906060000 1 2 11.85 1000
8023 201906060000 2 3 - 966
8023 201906060000 3 4 - 942
8023 201906060000 4 5 7.25 925
8023 201906060000 5 6 - 912
8023 201906060000 6 7 - 895
8023 201906060000 7 8 3.64999 873
8023 201906060000 8 9 2.25 850
8023 201906060000 9 10 - 826
8023 201906060000 10 11 - 800
8023 201906060000 11 12 - 787
8023 201906060000 12 13 - 774
8023 201906060000 13 14 -2.85001 759
8023 201906060000 14 15 - 750
8023 201906060000 15 16 - 718
8023 201906060000 16 17 -6.64999 700
8023 201906060000 17 18 - 688
8023 201906060000 18 19 - 674
8023 201906060000 19 20 -12.05 625
8023 201906060000 20 21 - 600
8023 201906060000 21 22 - 585
8023 201906060000 22 23 -17.85 575
8023 201906060000 23 24 - 560
8023 201906060000 24 25 -19.65 543
8023 201906060000 25 26 -19.05 538
8023 201906060000 26 27 - 527
8023 201906060000 27 28 -20.25 503
8023 201906060000 28 29 -20.65 500
8023 201906060000 29 30 -22.45 487
8023 201906060000 30 31 -21.45 486
8023 201906060000 31 32 -22.65 485
8023 201906060000 32 33 -26.05 455
8023 201906060000 33 34 -26.25 454
8023 201906060000 34 35 -24.85 453
8023 201906060000 35 36 -26.45 452
8023 201906060000 36 37 -28.25 439
8023 201906060000 37 38 -30.65 423
8023 201906060000 38 39 -31.25 420
8023 201906060000 39 40 -31.45 417
8023 201906060000 40 41 -31.85 411
8023 201906060000 41 42 -33.25 400
8023 201906060000 42 43 -40.85 347
8023 201906060000 43 44 -44.65 300
8023 201906060000 44 45 - 268
8023 201906060000 45 46 -48.65 251
8023 201906060000 46 47 -48.45 250
8023 201906060000 47 48 -47.45 225
8023 201906060000 48 49 -48.65 200
8023 201906060000 49 50 - 194
8023 201906060000 50 51 - 178
8023 201906060000 51 52 - 165
8023 201906060000 52 53 -51.05 150
8023 201906060000 53 54 - 146
8023 201906060000 54 55 - 135
8023 201906060000 55 56 -51.85 133
8023 201906060000 56 57 - 126
8023 201906060000 57 58 - 120
8023 201906060000 58 59 -50.25 119
8023 201906060000 59 60 - 117
8023 201906060000 60 61 - 114
8023 201906060000 61 62 - 111
8023 201906060000 62 63 -53.25 110
8023 201906060000 63 64 - 108
8023 201906060000 64 65 -51.05 100
8023 201906060000 65 66 - 94.8
8023 201906060000 66 67 -54.45 92.9
8023 201906060000 67 68 - 91.7
8023 201906060000 68 69 - 90.3
8023 201906060000 69 70 -52.05 90
8023 201906060000 70 71 - 88.9
8023 201906060000 71 72 - 84.1
8023 201906060000 72 73 - 79.4
8023 201906060000 73 74 - 75.9
8023 201906060000 74 75 - 74.1
8023 201906060000 75 76 -53.45 70
8023 201906060000 76 77 - 66.3
8023 201906060000 77 78 - 64
8023 201906060000 78 79 - 62.2
8023 201906060000 79 80 - 61.7
8023 201906060000 80 81 - 60.7
8023 201906060000 81 82 - 59.3
8023 201906060000 82 83 -55.25 58.1
8023 201906060000 83 84 - 55.9
8023 201906060000 84 85 - 54.2
8023 201906060000 85 86 -53.85 52.9
8023 201906060000 86 87 - 50
8023 201906061200 0 1 21.05 1002
8023 201906061200 1 2 19.25 1000
8023 201906061200 2 3 19.25 999
8023 201906061200 3 4 - 984
8023 201906061200 4 5 - 930
8023 201906061200 5 6 12.65 925
8023 201906061200 6 7 5.85001 850
8023 201906061200 7 8 5.45001 846
8023 201906061200 8 9 - 779
8023 201906061200 9 10 -0.0499878 763
8023 201906061200 10 11 - 743
8023 201906061200 11 12 -5.04999 700
8023 201906061200 12 13 -5.64999 693
8023 201906061200 13 14 -4.25 685
8023 201906061200 14 15 -2.04999 683
8023 201906061200 15 16 -1.44998 682
8023 201906061200 16 17 -1.04999 676
8023 201906061200 17 18 - 672
8023 201906061200 18 19 -2.64999 649
8023 201906061200 19 20 - 612
8023 201906061200 20 21 -14.25 546
8023 201906061200 21 22 - 535
8023 201906061200 22 23 -16.05 528
8023 201906061200 23 24 -17.05 510
8023 201906061200 24 25 - 509
8023 201906061200 25 26 -16.25 503
8023 201906061200 26 27 -16.65 500
8023 201906061200 27 28 -18.45 477
8023 201906061200 28 29 - 460
8023 201906061200 29 30 -24.85 422
8023 201906061200 30 31 -28.05 400
8023 201906061200 31 32 -28.25 398
8023 201906061200 32 33 -34.25 362
8023 201906061200 33 34 -36.85 347
8023 201906061200 34 35 -41.05 323
8023 201906061200 35 36 -41.85 317
8023 201906061200 36 37 -43.65 306
8023 201906061200 37 38 -44.25 300
8023 201906061200 38 39 -47.05 283
8023 201906061200 39 40 -48.25 277
8023 201906061200 40 41 -51.65 260
8023 201906061200 41 42 -53.65 250
8023 201906061200 42 43 -56.05 235
8023 201906061200 43 44 - 233
8023 201906061200 44 45 -57.05 212
8023 201906061200 45 46 -55.05 200
8023 201906061200 46 47 -52.65 195
8023 201906061200 47 48 - 192
8023 201906061200 48 49 - 177
8023 201906061200 49 50 -52.65 160
8023 201906061200 50 51 - 158
8023 201906061200 51 52 -50.85 150
8023 201906061200 52 53 -49.65 147
8023 201906061200 53 54 - 144
8023 201906061200 54 55 - 135
8023 201906061200 55 56 - 129
8023 201906061200 56 57 - 126
8023 201906061200 57 58 - 117
8023 201906061200 58 59 - 114
8023 201906061200 59 60 - 109
8023 201906061200 60 61 - 103
8023 201906061200 61 62 -53.05 100
8023 201906061200 62 63 - 94.4
8023 201906061200 63 64 - 90.6
8023 201906061200 64 65 -50.85 89
8023 201906061200 65 66 - 88
8023 201906061200 66 67 - 86.8
8023 201906061200 67 68 - 84.7
8023 201906061200 68 69 -53.85 82.4
8023 201906061200 69 70 - 81.3
8023 201906061200 70 71 -51.85 79.1
8023 201906061200 71 72 - 77.7
8023 201906061200 72 73 - 72.6
8023 201906061200 73 74 - 70.3
8023 201906061200 74 75 -52.65 70
8023 201906061200 75 76 - 68
8023 201906061200 76 77 - 67
8023 201906061200 77 78 - 65.7
8023 201906061200 78 79 - 64.6
8023 201906061200 79 80 - 63
8023 201906061200 80 81 - 61.1
8023 201906061200 81 82 - 57.5
8023 201906061200 82 83 - 56.3
8023 201906061200 83 84 -54.65 54
8023 201906061200 84 85 - 53.9
8023 201906061200 85 86 - 50.2
8023 201906061200 86 87 -51.85 50.1
8023 201906061200 87 88 -51.85 50
8023 201906061200 88 89 - 48.9
8023 201906061200 89 90 - 47.4
8023 201906061200 90 91 - 46.3
8023 201906061200 91 92 - 44.5
8023 201906061200 92 93 - 43
8023 201906061200 93 94 - 42.2
8023 201906061200 94 95 -53.45 41.4
8023 201906061200 95 96 - 37.2
8023 201906061200 96 97 - 34.6
8023 201906061200 97 98 - 33.4
8023 201906061200 98 99 - 32.4
8023 201906061200 99 100 - 31.8
8023 201906061200 100 101 -52.05 30
8023 201906061200 101 102 - 29.7
8023 201906061200 102 103 - 25.2
8023 201906061200 103 104 - 23.4
8023 201906061200 104 105 - 22.4
8023 201906061200 105 106 - 21
8023 201906061200 106 107 -48.25 20
8023 201906061200 107 108 -47.45 18.9
8023 201906061200 108 109 -48.05 17.5
8023 201906070000 0 1 - 1000
8023 201906070000 1 2 15.05 996
8023 201906070000 2 3 15.85 991
8023 201906070000 3 4 - 989
8023 201906070000 4 5 13.85 949
8023 201906070000 5 6 - 927
8023 201906070000 6 7 12.25 925
8023 201906070000 7 8 - 874
8023 201906070000 8 9 9.05002 854
8023 201906070000 9 10 8.64999 850
8023 201906070000 10 11 - 832
8023 201906070000 11 12 5.05002 807
8023 201906070000 12 13 - 795
8023 201906070000 13 14 -2.85001 721
8023 201906070000 14 15 -1.64999 704
8023 201906070000 15 16 -1.44998 701
8023 201906070000 16 17 -1.44998 700
8023 201906070000 17 18 - 696
8023 201906070000 18 19 -3.04999 689
8023 201906070000 19 20 -7.04999 649
8023 201906070000 20 21 - 647
8023 201906070000 21 22 -8.44998 625
8023 201906070000 22 23 - 535
8023 201906070000 23 24 -17.85 507
8023 201906070000 24 25 -18.25 504
8023 201906070000 25 26 -18.85 500
8023 201906070000 26 27 - 401
8023 201906070000 27 28 -31.65 400
8023 201906070000 28 29 -34.05 385
8023 201906070000 29 30 -34.65 381
8023 201906070000 30 31 -34.25 379
8023 201906070000 31 32 -33.65 377
8023 201906070000 32 33 - 340
8023 201906070000 33 34 - 303
8023 201906070000 34 35 -45.85 300
8023 201906070000 35 36 -47.65 288
8023 201906070000 36 37 -44.05 268
8023 201906070000 37 38 - 257
8023 201906070000 38 39 -45.65 250
8023 201906070000 39 40 -46.25 232
8023 201906070000 40 41 -44.05 218
8023 201906070000 41 42 -46.85 200
8023 201906070000 42 43 -49.85 185
8023 201906070000 43 44 -48.25 176
8023 201906070000 44 45 - 169
8023 201906070000 45 46 -50.85 161
8023 201906070000 46 47 - 160
8023 201906070000 47 48 - 155
8023 201906070000 48 49 -50.25 150
8023 201906070000 49 50 - 139
8023 201906070000 50 51 -48.85 134
8023 201906070000 51 52 - 130
8023 201906070000 52 53 - 127
8023 201906070000 53 54 - 117
8023 201906070000 54 55 -53.25 114
8023 201906070000 55 56 - 113
8023 201906070000 56 57 - 108
8023 201906070000 57 58 -52.05 100
8023 201906070000 58 59 -49.85 98.4
8023 201906070000 59 60 - 95
8023 201906070000 60 61 - 91.7
8023 201906070000 61 62 -53.05 90.3
8023 201906070000 62 63 - 89.3
8023 201906070000 63 64 -48.85 87.2
8023 201906070000 64 65 - 85.2
8023 201906070000 65 66 - 82.5
8023 201906070000 66 67 - 80.2
8023 201906070000 67 68 - 73
8023 201906070000 68 69 -54.85 70
8023 201906070000 69 70 -55.25 69.3
8023 201906070000 70 71 - 69.1
8023 201906070000 71 72 -52.85 67.4
8023 201906070000 72 73 - 66.9
8023 201906070000 73 74 - 64.8
8023 201906070000 74 75 - 63.3
8023 201906070000 75 76 - 61.9
8023 201906070000 76 77 -56.05 61.2
8023 201906070000 77 78 - 59.9
8023 201906070000 78 79 -52.85 58.5
8023 201906070000 79 80 - 54.5
8023 201906070000 80 81 - 53.3
8023 201906070000 81 82 -54.85 51.4
8023 201906070000 82 83 -52.25 50
8023 201906070000 83 84 - 47.6
8023 201906070000 84 85 - 46.8
8023 201906070000 85 86 - 42.7
8023 201906070000 86 87 - 41.6
8023 201906070000 87 88 -50.05 40.7
8023 201906070000 88 89 - 40.1
8023 201906070000 89 90 - 38.8
8023 201906070000 90 91 - 38.2
8023 201906070000 91 92 - 37
8023 201906070000 92 93 -51.85 35.2
8023 201906070000 93 94 - 30
