8023 201906051200 0 - 98.4
8023 201906051200 1 - 96.6
8023 201906051200 2 - 94.9
8023 201906051200 3 - 88.3
8023 201906051200 4 -51.65 85.6
8023 201906051200 5 - 85.5
8023 201906051200 6 - 82.2
8023 201906051200 7 - 80.2
8023 201906051200 8 - 75.7
8023 201906051200 9 - 73.4
8023 201906051200 10 - 71.3
8023 201906051200 11 -54.65 70
8023 201906051200 12 - 69.8
8023 201906051200 13 - 68.3
8023 201906051200 14 - 65.6
8023 201906051200 15 - 62.7
8023 201906051200 16 -55.85 61.7
8023 201906051200 17 - 57.3
8023 201906051200 18 - 54.5
8023 201906051200 19 -52.85 53.9
8023 201906051200 20 - 52.9
8023 201906051200 21 - 50.8
8023 201906051200 22 -54.25 50
8023 201906051200 23 - 49.6
8023 201906051200 24 - 48.5
8023 201906051200 25 - 47.2
8023 201906051200 26 - 43.3
8023 201906051200 27 - 41.9
8023 201906051200 28 -54.85 41.1
8023 201906051200 29 - 39.1
8023 201906051200 30 - 36.9
8023 201906051200 31 - 36.2
8023 201906051200 32 - 34.9
8023 201906051200 33 - 33.3
8023 201906051200 34 - 32.1
8023 201906051200 35 -50.85 31.8
8023 201906051200 36 - 30
8023 201906060000 0 12.85 1010
8023 201906060000 1 11.85 1000
8023 201906060000 2 - 966
8023 201906060000 3 - 942
8023 201906060000 4 7.25 925
8023 201906060000 5 - 912
8023 201906060000 6 - 895
8023 201906060000 7 3.64999 873
8023 201906060000 8 2.25 850
8023 201906060000 9 - 826
8023 201906060000 10 - 800
8023 201906060000 11 - 787
8023 201906060000 12 - 774
8023 201906060000 13 -2.85001 759
8023 201906060000 14 - 750
8023 201906060000 15 - 718
8023 201906060000 16 -6.64999 700
8023 201906060000 17 - 688
8023 201906060000 18 - 674
8023 201906060000 19 -12.05 625
8023 201906060000 20 - 600
8023 201906060000 21 - 585
8023 201906060000 22 -17.85 575
8023 201906060000 23 - 560
8023 201906060000 24 -19.65 543
8023 201906060000 25 -19.05 538
8023 201906060000 26 - 527
8023 201906060000 27 -20.25 503
8023 201906060000 28 -20.65 500
8023 201906060000 29 -22.45 487
8023 201906060000 30 -21.45 486
8023 201906060000 31 -22.65 485
8023 201906060000 32 -26.05 455
8023 201906060000 33 -26.25 454
8023 201906060000 34 -24.85 453
8023 201906060000 35 -26.45 452
8023 201906060000 36 -28.25 439
8023 201906060000 37 -30.65 423
8023 201906060000 38 -31.25 420
8023 201906060000 39 -31.45 417
8023 201906060000 40 -31.85 411
8023 201906060000 41 -33.25 400
8023 201906060000 42 -40.85 347
8023 201906060000 43 -44.65 300
8023 201906060000 44 - 268
8023 201906060000 45 -48.65 251
8023 201906060000 46 -48.45 250
8023 201906060000 47 -47.45 225
8023 201906060000 48 -48.65 200
8023 201906060000 49 - 194
8023 201906060000 50 - 178
8023 201906060000 51 - 165
8023 201906060000 52 -51.05 150
8023 201906060000 53 - 146
8023 201906060000 54 - 135
8023 201906060000 55 -51.85 133
8023 201906060000 56 - 126
8023 201906060000 57 - 120
8023 201906060000 58 -50.25 119
8023 201906060000 59 - 117
8023 201906060000 60 - 114
8023 201906060000 61 - 111
8023 201906060000 62 -53.25 110
8023 201906060000 63 - 108
8023 201906060000 64 -51.05 100
8023 201906060000 65 - 94.8
8023 201906060000 66 -54.45 92.9
8023 201906060000 67 - 91.7
8023 201906060000 68 - 90.3
8023 201906060000 69 -52.05 90
8023 201906060000 70 - 88.9
8023 201906060000 71 - 84.1
8023 201906060000 72 - 79.4
8023 201906060000 73 - 75.9
8023 201906060000 74 - 74.1
8023 201906060000 75 -53.45 70
8023 201906060000 76 - 66.3
8023 201906060000 77 - 64
8023 201906060000 78 - 62.2
8023 201906060000 79 - 61.7
8023 201906060000 80 - 60.7
8023 201906060000 81 - 59.3
8023 201906060000 82 -55.25 58.1
8023 201906060000 83 - 55.9
8023 201906060000 84 - 54.2
8023 201906060000 85 -53.85 52.9
8023 201906060000 86 - 50
8023 201906061200 0 21.05 1002
8023 201906061200 1 19.25 1000
8023 201906061200 2 19.25 999
8023 201906061200 3 - 984
8023 201906061200 4 - 930
8023 201906061200 5 12.65 925
8023 201906061200 6 5.85001 850
8023 201906061200 7 5.45001 846
8023 201906061200 8 - 779
8023 201906061200 9 -0.0499878 763
8023 201906061200 10 - 743
8023 201906061200 11 -5.04999 700
8023 201906061200 12 -5.64999 693
8023 201906061200 13 -4.25 685
8023 201906061200 14 -2.04999 683
8023 201906061200 15 -1.44998 682
8023 201906061200 16 -1.04999 676
8023 201906061200 17 - 672
8023 201906061200 18 -2.64999 649
8023 201906061200 19 - 612
8023 201906061200 20 -14.25 546
8023 201906061200 21 - 535
8023 201906061200 22 -16.05 528
8023 201906061200 23 -17.05 510
8023 201906061200 24 - 509
8023 201906061200 25 -16.25 503
8023 201906061200 26 -16.65 500
8023 201906061200 27 -18.45 477
8023 201906061200 28 - 460
8023 201906061200 29 -24.85 422
8023 201906061200 30 -28.05 400
8023 201906061200 31 -28.25 398
8023 201906061200 32 -34.25 362
8023 201906061200 33 -36.85 347
8023 201906061200 34 -41.05 323
8023 201906061200 35 -41.85 317
8023 201906061200 36 -43.65 306
8023 201906061200 37 -44.25 300
8023 201906061200 38 -47.05 283
8023 201906061200 39 -48.25 277
8023 201906061200 40 -51.65 260
8023 201906061200 41 -53.65 250
8023 201906061200 42 -56.05 235
8023 201906061200 43 - 233
8023 201906061200 44 -57.05 212
8023 201906061200 45 -55.05 200
8023 201906061200 46 -52.65 195
8023 201906061200 47 - 192
8023 201906061200 48 - 177
8023 201906061200 49 -52.65 160
8023 201906061200 50 - 158
8023 201906061200 51 -50.85 150
8023 201906061200 52 -49.65 147
8023 201906061200 53 - 144
8023 201906061200 54 - 135
8023 201906061200 55 - 129
8023 201906061200 56 - 126
8023 201906061200 57 - 117
8023 201906061200 58 - 114
8023 201906061200 59 - 109
8023 201906061200 60 - 103
8023 201906061200 61 -53.05 100
8023 201906061200 62 - 94.4
8023 201906061200 63 - 90.6
8023 201906061200 64 -50.85 89
8023 201906061200 65 - 88
8023 201906061200 66 - 86.8
8023 201906061200 67 - 84.7
8023 201906061200 68 -53.85 82.4
8023 201906061200 69 - 81.3
8023 201906061200 70 -51.85 79.1
8023 201906061200 71 - 77.7
8023 201906061200 72 - 72.6
8023 201906061200 73 - 70.3
8023 201906061200 74 -52.65 70
8023 201906061200 75 - 68
8023 201906061200 76 - 67
8023 201906061200 77 - 65.7
8023 201906061200 78 - 64.6
8023 201906061200 79 - 63
8023 201906061200 80 - 61.1
8023 201906061200 81 - 57.5
8023 201906061200 82 - 56.3
8023 201906061200 83 -54.65 54
8023 201906061200 84 - 53.9
8023 201906061200 85 - 50.2
8023 201906061200 86 -51.85 50.1
8023 201906061200 87 -51.85 50
8023 201906061200 88 - 48.9
8023 201906061200 89 - 47.4
8023 201906061200 90 - 46.3
8023 201906061200 91 - 44.5
8023 201906061200 92 - 43
8023 201906061200 93 - 42.2
8023 201906061200 94 -53.45 41.4
8023 201906061200 95 - 37.2
8023 201906061200 96 - 34.6
8023 201906061200 97 - 33.4
8023 201906061200 98 - 32.4
8023 201906061200 99 - 31.8
8023 201906061200 100 -52.05 30
8023 201906061200 101 - 29.7
8023 201906061200 102 - 25.2
8023 201906061200 103 - 23.4
8023 201906061200 104 - 22.4
8023 201906061200 105 - 21
8023 201906061200 106 -48.25 20
8023 201906061200 107 -47.45 18.9
8023 201906061200 108 -48.05 17.5
8023 201906070000 0 - 1000
8023 201906070000 1 15.05 996
8023 201906070000 2 15.85 991
8023 201906070000 3 - 989
8023 201906070000 4 13.85 949
8023 201906070000 5 - 927
8023 201906070000 6 12.25 925
8023 201906070000 7 - 874
8023 201906070000 8 9.05002 854
8023 201906070000 9 8.64999 850
8023 201906070000 10 - 832
8023 201906070000 11 5.05002 807
8023 201906070000 12 - 795
8023 201906070000 13 -2.85001 721
8023 201906070000 14 -1.64999 704
8023 201906070000 15 -1.44998 701
8023 201906070000 16 -1.44998 700
8023 201906070000 17 - 696
8023 201906070000 18 -3.04999 689
8023 201906070000 19 -7.04999 649
8023 201906070000 20 - 647
8023 201906070000 21 -8.44998 625
8023 201906070000 22 - 535
8023 201906070000 23 -17.85 507
8023 201906070000 24 -18.25 504
8023 201906070000 25 -18.85 500
8023 201906070000 26 - 401
8023 201906070000 27 -31.65 400
8023 201906070000 28 -34.05 385
8023 201906070000 29 -34.65 381
8023 201906070000 30 -34.25 379
8023 201906070000 31 -33.65 377
8023 201906070000 32 - 340
8023 201906070000 33 - 303
8023 201906070000 34 -45.85 300
8023 201906070000 35 -47.65 288
8023 201906070000 36 -44.05 268
8023 201906070000 37 - 257
8023 201906070000 38 -45.65 250
8023 201906070000 39 -46.25 232
8023 201906070000 40 -44.05 218
8023 201906070000 41 -46.85 200
8023 201906070000 42 -49.85 185
8023 201906070000 43 -48.25 176
8023 201906070000 44 - 169
8023 201906070000 45 -50.85 161
8023 201906070000 46 - 160
8023 201906070000 47 - 155
8023 201906070000 48 -50.25 150
8023 201906070000 49 - 139
8023 201906070000 50 -48.85 134
8023 201906070000 51 - 130
8023 201906070000 52 - 127
8023 201906070000 53 - 117
8023 201906070000 54 -53.25 114
8023 201906070000 55 - 113
8023 201906070000 56 - 108
8023 201906070000 57 -52.05 100
8023 201906070000 58 -49.85 98.4
8023 201906070000 59 - 95
8023 201906070000 60 - 91.7
8023 201906070000 61 -53.05 90.3
8023 201906070000 62 - 89.3
8023 201906070000 63 -48.85 87.2
8023 201906070000 64 - 85.2
8023 201906070000 65 - 82.5
8023 201906070000 66 - 80.2
8023 201906070000 67 - 73
8023 201906070000 68 -54.85 70
8023 201906070000 69 -55.25 69.3
8023 201906070000 70 - 69.1
8023 201906070000 71 -52.85 67.4
8023 201906070000 72 - 66.9
8023 201906070000 73 - 64.8
8023 201906070000 74 - 63.3
8023 201906070000 75 - 61.9
8023 201906070000 76 -56.05 61.2
8023 201906070000 77 - 59.9
8023 201906070000 78 -52.85 58.5
8023 201906070000 79 - 54.5
8023 201906070000 80 - 53.3
8023 201906070000 81 -54.85 51.4
8023 201906070000 82 -52.25 50
8023 201906070000 83 - 47.6
8023 201906070000 84 - 46.8
8023 201906070000 85 - 42.7
8023 201906070000 86 - 41.6
8023 201906070000 87 -50.05 40.7
8023 201906070000 88 - 40.1
8023 201906070000 89 - 38.8
8023 201906070000 90 - 38.2
8023 201906070000 91 - 37
8023 201906070000 92 -51.85 35.2
8023 201906070000 93 - 30
8522 201906051200 0 22.85 1015
8522 201906051200 1 20.25 1005
8522 201906051200 2 19.85 1000
8522 201906051200 3 - 997
8522 201906051200 4 13.45 925
8522 201906051200 5 6.85001 850
8522 201906051200 6 - 831
8522 201906051200 7 4.05002 814
8522 201906051200 8 4.05002 811
8522 201906051200 9 6.64999 807
8522 201906051200 10 9.05002 805
8522 201906051200 11 9.25 796
8522 201906051200 12 - 769
8522 201906051200 13 9.25 735
8522 201906051200 14 10.45 729
8522 201906051200 15 - 724
8522 201906051200 16 8.64999 700
8522 201906051200 17 - 693
8522 201906051200 18 - 687
8522 201906051200 19 - 644
8522 201906051200 20 - 617
8522 201906051200 21 1.85001 603
8522 201906051200 22 - 542
8522 201906051200 23 -9.44998 504
8522 201906051200 24 -9.85001 500
8522 201906051200 25 - 494
8522 201906051200 26 - 465
8522 201906051200 27 - 452
8522 201906051200 28 -14.25 450
8522 201906051200 29 - 415
8522 201906051200 30 -21.65 400
8522 201906051200 31 - 304
8522 201906051200 32 -38.85 300
8522 201906051200 33 -39.85 296
8522 201906051200 34 - 290
8522 201906051200 35 - 255
8522 201906051200 36 -48.45 250
8522 201906051200 37 - 240
8522 201906051200 38 -52.85 229
8522 201906051200 39 - 220
8522 201906051200 40 -59.45 200
8522 201906051200 41 - 199
8522 201906051200 42 -60.25 197
8522 201906051200 43 - 182
8522 201906051200 44 - 174
8522 201906051200 45 -66.85 165
8522 201906051200 46 - 156
8522 201906051200 47 -67.45 155
8522 201906051200 48 -67.25 150
8522 201906051200 49 - 146
8522 201906051200 50 - 138
8522 201906051200 51 -62.85 133
8522 201906051200 52 - 131
8522 201906051200 53 - 127
8522 201906051200 54 - 124
8522 201906051200 55 - 108
8522 201906051200 56 -63.65 100
8522 201906051200 57 - 92.1
8522 201906051200 58 -61.65 91.5
8522 201906051200 59 - 88.3
8522 201906051200 60 - 80.8
8522 201906051200 61 - 77.9
8522 201906051200 62 -64.65 74.9
8522 201906051200 63 - 71.1
8522 201906051200 64 -63.25 70
8522 201906051200 65 - 64.4
8522 201906051200 66 - 58.8
8522 201906051200 67 - 55.1
8522 201906051200 68 - 53.4
8522 201906051200 69 - 52.2
8522 201906051200 70 -58.45 51.3
8522 201906051200 71 -59.85 50
8522 201906051200 72 -60.25 49.7
8522 201906051200 73 - 49.5
8522 201906051200 74 - 48.9
8522 201906051200 75 - 47.2
8522 201906051200 76 - 46.3
8522 201906051200 77 -56.65 46
8522 201906051200 78 - 45
8522 201906051200 79 -57.25 44.7
8522 201906051200 80 - 43.2
8522 201906051200 81 - 41.5
8522 201906051200 82 - 40.2
8522 201906051200 83 - 39.1
8522 201906051200 84 - 37.9
8522 201906051200 85 -57.05 34.9
8522 201906051200 86 - 34.7
8522 201906051200 87 - 32.9
8522 201906051200 88 -54.05 30
8522 201906051200 89 - 29.1
8522 201906051200 90 -51.45 24.8
8522 201906051200 91 - 24
8522 201906051200 92 -53.05 23.7
8522 201906051200 93 - 21.7
8522 201906051200 94 -48.65 20
8522 201906051200 95 - 19.2
8522 201906051200 96 - 18.6
8522 201906051200 97 - 18
8522 201906051200 98 - 17.2
8522 201906051200 99 -47.25 17.1
8522 201906051200 100 - 16.1
8522 201906051200 101 -49.45 16
8522 201906051200 102 - 14.4
8522 201906051200 103 - 12.8
8522 201906051200 104 - 12.5
8522 201906051200 105 - 12.4
8522 201906051200 106 - 11
8522 201906051200 107 - 10.2
8522 201906051200 108 -42.25 10
8522 201906051200 109 - 9.5
8522 201906051200 110 -39.85 8.9
8522 201906061200 0 22.05 1014
8522 201906061200 1 18.85 1010
8522 201906061200 2 18.05 1000
8522 201906061200 3 12.25 925
8522 201906061200 4 8.05002 865
8522 201906061200 5 - 864
8522 201906061200 6 9.05002 850
8522 201906061200 7 11.45 820
8522 201906061200 8 - 796
8522 201906061200 9 - 756
8522 201906061200 10 5.45001 722
8522 201906061200 11 - 717
8522 201906061200 12 6.05002 715
8522 201906061200 13 5.45001 700
8522 201906061200 14 5.45001 687
8522 201906061200 15 - 654
8522 201906061200 16 - 637
8522 201906061200 17 - 602
8522 201906061200 18 - 593
8522 201906061200 19 - 574
8522 201906061200 20 - 557
8522 201906061200 21 -10.85 500
8522 201906061200 22 -11.25 496
8522 201906061200 23 - 479
8522 201906061200 24 - 454
8522 201906061200 25 -20.05 430
8522 201906061200 26 - 414
8522 201906061200 27 -25.05 400
8522 201906061200 28 -25.65 397
8522 201906061200 29 -27.65 384
8522 201906061200 30 - 380
8522 201906061200 31 - 372
8522 201906061200 32 -29.65 357
8522 201906061200 33 - 352
8522 201906061200 34 -39.25 300
8522 201906061200 35 - 288
8522 201906061200 36 -46.25 265
8522 201906061200 37 - 258
8522 201906061200 38 -48.85 250
8522 201906061200 39 - 237
8522 201906061200 40 -53.05 226
8522 201906061200 41 - 215
8522 201906061200 42 -56.05 209
8522 201906061200 43 -57.65 200
8522 201906061200 44 -63.25 163
8522 201906061200 45 - 156
8522 201906061200 46 -62.65 150
8522 201906061200 47 - 139
8522 201906061200 48 -63.25 137
8522 201906061200 49 - 106
8522 201906061200 50 -63.25 100
8522 201906061200 51 - 97
8522 201906061200 52 - 93.6
8522 201906061200 53 - 89.8
8522 201906061200 54 - 88.2
8522 201906061200 55 - 86.8
8522 201906061200 56 - 85.8
8522 201906061200 57 - 82.7
8522 201906061200 58 - 75.8
8522 201906061200 59 - 73.9
8522 201906061200 60 - 70.3
8522 201906061200 61 -62.65 70
8522 201906061200 62 -63.25 65.8
8522 201906061200 63 - 64.7
8522 201906061200 64 - 63.2
8522 201906061200 65 - 61.4
8522 201906061200 66 - 58.7
8522 201906061200 67 -60.05 57.5
8522 201906061200 68 - 55.8
8522 201906061200 69 - 52.7
8522 201906061200 70 - 50.9
8522 201906061200 71 -60.85 50.6
8522 201906061200 72 -60.25 50
8522 201906061200 73 - 48.1
8522 201906061200 74 - 46.1
8522 201906061200 75 -56.85 44.8
8522 201906061200 76 - 44.3
8522 201906061200 77 - 42.6
8522 201906061200 78 - 41.3
8522 201906061200 79 - 38.4
8522 201906061200 80 - 35.4
8522 201906061200 81 - 32.9
8522 201906061200 82 - 31.8
8522 201906061200 83 - 31.1
8522 201906061200 84 - 30.6
8522 201906061200 85 -55.45 30
8522 201906061200 86 - 29.7
8522 201906061200 87 - 28.6
8522 201906061200 88 - 28.1
8522 201906061200 89 - 27.7
8522 201906061200 90 - 27.3
8522 201906061200 91 - 26.2
8522 201906061200 92 - 25.1
8522 201906061200 93 - 24
8522 201906061200 94 -53.25 23.7
8522 201906061200 95 - 22.9
8522 201906061200 96 - 21.9
8522 201906061200 97 -51.25 20.4
8522 201906061200 98 -49.85 20
8522 201906061200 99 - 19.9
8522 201906061200 100 - 18.3
8522 201906061200 101 -46.05 18.1
8522 201906061200 102 - 17.1
8522 201906061200 103 - 15.8
8522 201906061200 104 - 15.2
8522 201906061200 105 - 14
8522 201906061200 106 - 13.5
8522 201906061200 107 - 12.4
8522 201906061200 108 -41.85 12.2
8522 201906061200 109 - 11.9
8522 201906061200 110 - 11.5
8522 201906061200 111 - 10.9
8522 201906061200 112 -41.05 10.1
8522 201906061200 113 - 10
