20181120020922	7.0741	59.5407	-3	1	10.3
20181120073036	4.2733	59.8372	-3	1	7.1
20181120074753	7.7539	60.4754	-3	1	10.6
20181123164440	7.7702	59.8076	-2	1	14.9
20181125055157	4.6759	59.9267	-2	1	9.8
20181125224901	3.3986	59.7948	-5	1	13.2
20181126053508	3.6339	59.7167	-4	1	13.6
20181126065746	4.7953	59.9626	-3	1	10.3
20181126065952	3.6367	59.7113	-5	1	4.9
20181126071503	3.305	59.658	-6	1	11
20181126103703	3.9316	59.7927	-3	1	7.5
20181127191337	7.3233	59.6315	-4	1	7.4
20181127222428	4.0116	59.8796	-4	1	9.9
20181129172432	3.7039	59.8745	-4	1	7.2
20181129191954	4.3374	59.9385	-3	1	5.1
20181130024821	1.7281	63.2907	-59	2	0.7
20181130030347	4.0435	62.7175	58	1	0.4
20181130030347	4.4036	61.7873	-4	1	11.3
20181130032728	3.8141	62.2066	-59	1	0.2
20181130034700	4.7312	60.0069	-3	1	12.5
20181130043712	1.9343	64.0742	-91	2	0.3
20181130060322	3.1968	64.1897	111	1	1.7
20181130094242	5.4333	65.2034	-77	3	3.4
20181130111043	3.4244	63.2886	65	1	0.2
20181130111043	4.3717	62.8932	28	1	4.3
20181130111243	3.453	63.3265	20	1	0.3
20181130111309	2.7381	64.1133	46	1	0.3
20181130111535	3.485	63.3771	32	1	0.2
20181130111926	3.4925	63.3968	85	1	0.3
20181130113754	3.6772	63.2803	56	1	0.2
20181130114045	3.7177	63.7289	116	1	0.3
20181130114219	3.6813	63.7305	108	1	0.2
20181130114322	3.7132	63.7264	38	1	0.2
20181130141116	4.7331	61.8578	26	1	0.2
20181130141116	5.2692	60.6136	-2	1	3.5
20181130141327	4.2	61.6264	-4	1	10
20181130141327	4.7767	61.8895	44	1	0.2
20181130153401	4.8019	61.3127	-42	2	0.3
20181130153401	5.0442	61.2714	-2	1	10.5
20181130153448	5.128	61.2711	-3	1	8.1
20181130173808	5.5393	63.0114	34	1	0.5
20181130181127	5.3665	60.2529	132	1	0.2
20181130181127	5.5637	61.4528	-5	1	5.8
20181130193233	4.9424	61.8436	112	1	0.2
20181201001828	7.4277	56.3236	-11	1	5.4
20181201001828	7.4733	56.5222	-10	1	1.2
20181201002027	7.5051	56.5474	-25	1	0.4
20181201011515	5.9146	59.4515	-7	1	0.9
20181201012915	8.4955	57.4292	-17	1	0.2
20181201013304	8.4089	57.1269	107	1	0.8
20181201013304	8.4953	57.4592	-10	2	0.5
20181201021235	7.9691	56.7824	-92	2	0.3
20181201022323	3.176	59.3771	-5	1	13.2
20181201022323	4.7885	60.854	41	2	0.2
20181201022450	4.8003	60.873	16	1	0.3
20181201034905	8.1754	56.6297	-13	1	0.3
20181201115954	4.4107	59.9528	-3	1	9.8
20181201131344	11.2763	69.6824	67	1	0.9
20181201142208	6.5439	63.1737	74	1	0.3
20181201165327	8.3289	64.3274	64	1	0.4
20181201165327	8.577	64.1579	-57	1	4.6
20181202024254	3.759	59.7904	-3	1	12.4
20181202070507	15.4331	70.7189	136	1	0.4
20181202104715	14.0063	69.6563	19	1	1.6
20181202142151	13.6862	70.0782	80	1	0.8
20181202142525	13.7142	70.1626	20	1	1.9
20181202191337	4.6137	59.9219	-3	1	6.1
20181202204738	4.7701	59.9365	-3	1	12.5
20181203011252	4.476	59.8827	-5	1	10
20181203015454	4.4822	59.8664	-3	1	11.2
20181205064433	4.6385	62.477	63	1	0.1
20181205064433	4.9616	62.5576	58	1	0.1
20181205064433	5.6526	62.3878	-3	1	5.1
20181205064433	6.0559	62.0586	-3	1	7
20181205065120	5.0697	62.5351	59	1	0.2
20181205065120	5.2495	62.7284	13	1	0.2
20181205065120	5.9713	61.7812	-2	1	14.8
20181205074844	7.6886	63.3267	-21	3	0.4
20181205074845	7.5814	63.2004	-30	5	0.4
20181205074846	7.4859	63.1001	-16	6	0.4
20181205075042	6.3193	62.5737	-8	10	1.2
20181205075319	7.9253	63.3854	-12	1	0.6
20181205075605	6.3135	62.5767	-10	6	1.3
20181205075605	6.7018	62.5959	-5	1	1.1
20181205080059	7.1116	62.8954	-13	3	0.2
20181205080134	6.4713	62.5669	-4	5	1.3
20181205080630	6.3116	62.5774	-16	3	0.2
20181205080630	6.4766	62.782	-27	1	0.2
20181205080630	6.5271	62.6751	-27	2	2.2
20181205081339	6.3126	62.5758	-13	3	0.2
20181205081340	6.5515	62.6958	-15	10	0.3
20181205081610	5.6964	62.4072	-18	1	0.1
20181205103728	10.9634	65.3091	24	5	0.3
20181205104352	11.0952	65.3279	-22	3	0.3
20181206224031	4.8741	59.9403	-3	1	8.7
20181209014603	10.7318	56.7243	-4	1	9
20181210124518	10.127	53.558	-16	1	2.2
20181210125755	8.9388	53.671	-14	1	2
20181210134721	8.6257	53.2682	-27	1	2.4
20181210205601	7.9184	60.416	-3	1	12.3
20181217045653	-0.1429	61.0346	-19	1	0.5
20181217050534	-0.1719	61.0054	16	1	0.7
20181217050656	-0.2091	61.0725	-11	4	0.6
20181219034152	9.9744	58.7999	-2	1	8.8
20181220073427	6.0225	56.8251	-12	6	1.1
20181220073428	6.2585	56.907	-10	1	2
20181222170930	2.0034	59.3462	-62	2	0.4
20181229134802	9.2397	55.0294	-43	1	0.6
20181229162637	12.2473	65.0855	71	1	0.3
20181231080823	4.2319	56.0583	-17	1	5.6
20181231170050	1.9884	63.0318	23	1	0.9
20181231195318	4.7761	62.1356	57	1	0.2
20181231195318	6.3386	61.4287	-6	1	4.3
20181231195318	6.5542	61.3528	-7	1	3.2
20181231212848	4.5188	61.0613	-3	1	10.4
20181231214414	4.7613	61.535	6	1	9.8
20181231234424	6.0733	62.2571	8	1	2.3
20181231234424	6.4618	62.7909	122	1	0.2
20190101072146	6.184	58.7283	84	1	0.5
20190101092721	6.5365	62.2595	-7	1	1.5
20190101134632	13.8535	67.319	23	1	0.4
20190106235604	15.5681	62.5061	-13	1	9.8
20190107014236	17.8259	71.2177	18	1	1.4
20190107025452	15.583	69.0325	40	1	2.1
20190107030700	17.6217	69.9379	-13	1	8.2
20190107030700	18.2529	70.1485	-13	1	9.1
20190107044845	15.2686	67.9868	-4	1	1.8
20190110231907	18.0816	69.8163	-7	1	1
20190111000252	24.6705	64.6727	6	1	10.2
20190111000458	12.3665	68.0042	-15	1	14.4
20190111014055	15.489	67.6503	-5	1	2.5
20190111015631	14.6218	68.8142	-24	1	1.4
20190111020157	10.2517	68.2658	57	1	3.1
20190111021858	15.0551	67.1632	-8	1	1.6
20190111024053	12.49	67.1774	-17	1	1
20190111024817	15.6424	67.576	-8	1	7.9
20190111025544	10.7458	67.7954	-17	1	2.7
20190111033007	12.0888	67.2554	50	1	0.5
20190111033341	12.2396	67.2063	31	1	0.6
20190111033341	13.2866	66.7514	-7	1	6.9
20190111033745	12.3295	67.1608	32	1	1.2
20190111034134	14.9355	67.146	-6	1	8.7
20190111041731	13.8141	66.7832	5	1	0.7
20190111044455	13.6141	66.2112	-12	1	0.4
20190111045123	13.5658	66.7269	-22	1	0.3
20190111045312	13.6116	66.6782	32	1	0.3
20190111045605	13.5477	66.7035	53	1	0.3
20190111045938	14.0262	66.5146	19	1	0.6
20190111052806	14.3051	66.6152	14	1	0.5
20190111053528	15.2722	68.7179	-10	1	3.2
20190111114525	14.9474	67.2734	-7	1	5.8
20190113233929	5.1801	65.5339	-359	1	2.2
20190114005640	10.2327	64.1339	-9	3	0.5
20190114012818	10.2929	64.1046	-5	1	7.6
20190114013020	10.2328	64.134	-8	1	0.5
20190114014002	9.7278	64.0934	-31	1	7.2
20190114014606	8.7036	62.4696	10	1	3.3
20190114014606	9.9078	64.0091	-9	1	0.4
20190114022145	9.7049	63.8225	-11	1	1.7
20190114024445	9.8847	63.6963	-26	1	0.3
20190114024845	10.1052	63.6169	-51	5	0.2
20190114025150	9.6962	63.7019	-191	2	0.2
20190114032040	10.3485	63.362	-8	2	5.5
20190114032040	10.8125	62.5177	-5	1	6.7
20190114032150	10.2356	63.4184	9	1	0.3
20190114033441	8.7148	63.3801	-9	1	0.6
20190114045429	7.7421	63.3259	12	2	0.9
20190114045844	7.7967	63.266	81	1	2.6
20190114050148	7.8647	63.2452	24	1	0.5
20190114051419	8.1304	62.7606	-4	1	5.4
20190114052316	7.9581	63.1479	15	1	1.2
20190114052316	9.2709	62.8745	-8	1	7.6
20190114053622	8.1139	63.0376	-95	1	0.6
20190114094129	13.1919	55.0039	-22	1	0.6
20190114100800	10.9208	64.9005	-6	1	0.7
20190114113132	8.7641	63.4178	-8	1	0.5
20190115084158	22.7143	53.4108	-21	2	7.5
20190115095237	23.0296	53.2406	-18	4	11.2
20190115130718	23.4921	52.6495	-21	1	14.2
20190115163909	5.5127	60.2463	23	1	0.2
20190117013111	1.683	59.7443	-21	1	0.4
20190117025218	5.1688	57.4499	146	1	0.3
20190117065047	-1.3443	56.4163	-32	1	1.1
20190117065856	0.8925	59.8618	-19	1	1.4
20190117071111	-1.3882	56.202	148	1	1.3
20190117072526	2.5312	62.8566	-231	1	0.7
20190117094330	5.7336	62.6503	-6	1	4.5
20190117094330	6.4133	62.7437	14	1	0.2
20190117100033	10.2477	64.1361	-10	1	0.3
20190117140907	10.2908	53.207	-19	1	2.2
20190117141415	10.2069	53.1576	-39	1	2.5
20190117142938	10.8676	53.3233	-32	1	1.5
20190117143443	10.8259	53.2836	-23	1	2.8
20190117145345	7.198	52.9725	-20	1	2.7
20190117224024	18.5434	53.2316	-27	1	4.2
20190118035636	12.3433	66.0566	-14	1	0.7
20190118041905	13.6444	66.642	-11	1	1.5
20190119042506	4.0402	56.5754	-33	1	1.4
20190119233305	26.8151	59.4615	-9	1	0.5
20190122120811	29.1101	70.7392	-13	1	0.4
20190123181129	27.0321	71.3468	26	1	1.8
20190123223121	3.7627	61.3168	-83	1	0.4
20190124003759	3.1875	61.2091	-14	1	0.9
20190124003759	3.5264	61.3531	-15	1	6.9
20190124004753	3.3707	61.378	-24	2	0.3
20190124004858	3.7596	60.3421	-99	1	0.4
20190124015018	3.0307	61.3412	-49	1	0.4
20190124015018	4.1139	61.1315	-14	1	7.5
20190124103253	3.743	59.536	-75	1	0.2
20190124120940	5.0189	60.9514	-28	6	0.2
20190124120940	5.149	61.0376	-9	1	0.3
20190124180043	4.0583	58.6233	-9	1	1.3
20190126044158	7.7848	60.4956	-3	1	10.2
20190127134240	12.8003	68.4199	-5	1	6.9
20190127134240	13.3823	68.3927	-4	1	5.6
20190127135229	12.8565	68.3928	-7	1	4.9
20190127135229	13.4556	68.359	-7	1	3.5
20190128025759	1.7102	61.0538	-16	1	0.4
20190128162742	13.2896	58.2305	-7	1	10.7
20190129232108	4.3869	58.898	-18	1	0.2
20190129232223	4.39	58.9026	34	2	0.2
20190130030711	3.2925	58.3422	-20	2	0.3
20190130041600	3.8014	60.1537	-9	2	0.3
20190130060201	3.6664	60.6701	148	1	0.4
20190130065107	3.8101	60.1029	-89	1	0.2
20190130071508	6.0406	58.4201	-6	1	0.5
20190130092015	3.8458	60.6075	97	1	1.4
20190130092948	4.5994	60.2964	101	1	9.5
20190130143751	3.2313	62.0631	54	1	0.3
20190130144001	3.2305	62.0807	22	1	0.2
20190130153559	3.3906	59.4203	-12	1	7
20190130153559	3.6601	59.8314	77	1	0.2
20190130153559	3.7124	59.6879	-11	1	0.2
20190130163406	3.8517	59.2431	-32	1	0.2
20190130163558	3.6884	59.3512	-9	2	0.2
20190130165805	3.8186	59.2749	17	1	0.2
20190130183254	3.1833	59.053	5	1	12.5
20190130183254	3.4974	57.8544	113	1	0.3
20190130183439	3.5917	57.743	33	1	0.4
20190131015707	1.8523	58.3533	-10	1	0.3
20190131043337	7.4521	66.6533	-30	1	0.7
20190131070939	0.6269	60.3307	-246	1	0.8
20190131213220	-0.4815	61.5573	-43	1	0.6
20190201034143	4.1339	58.4165	-46	2	0.2
20190201035405	4.1144	58.5004	-204	1	0.4
20190201072910	1.2923	61.802	45	1	0.5
20190201075804	0.1041	62.0839	65	1	0.7
20190201081824	2.0022	57.7384	-269	1	1.3
20190201114914	-0.812	59.9767	12	1	0.3
20190201120317	0.0953	61.8653	-20	1	3.7
20190201120317	0.3193	62.0178	-35	1	3
20190201151429	1.5835	61.9354	-29	1	0.6
20190204060345	2.6277	62.9023	70	2	0.2
20190211212457	10.3271	64.1524	-10	2	0.3
20190212184319	0.5712	61.5092	82	1	0.5
20190212185727	1.1657	61.5343	85	1	0.5
20190212185727	4.3024	60.5207	6	1	5
20190212185808	1.2432	61.5181	62	1	0.4
20190212190018	1.3162	61.5322	25	1	0.5
20190212190817	-0.0498	61.1878	424	1	1.6
20190212191038	1.6772	61.5448	132	2	0.4
20190212191038	3.2258	61.751	13	1	8.4
20190212195527	3.0088	61.5717	77	1	0.6
20190212201656	4.3548	61.8831	73	1	0.4
20190212201656	4.9459	61.9216	48	1	4.6
20190212204724	4.5187	61.2482	16	1	4.7
20190212204724	4.5673	61.6862	105	2	0.2
20190212204724	4.8134	61.6608	16	2	5.4
20190212204724	5.103	62.1612	-3	1	8.9
20190212205022	4.9324	61.7913	55	3	0.8
20190212205022	5.2039	60.8964	-3	1	4.9
20190212205022	5.4097	61.2812	-3	1	8.7
20190212205225	5.1351	61.5862	-8	1	7.5
20190212205606	5.2353	61.931	15	1	0.5
20190212205800	5.1629	61.8742	70	1	0.3
20190212210517	4.9153	61.6782	65	1	0.2
20190212210517	9.1443	60.8257	-15	1	11.2
20190212210621	5.8404	62.1178	-4	2	3.5
20190212210700	4.9478	62.0696	-3	1	9.4
20190212210701	5.2377	61.8616	26	1	0.7
20190212210928	5.7894	62.164	-14	1	0.4
20190212211026	4.8017	61.5106	-11	1	0.9
20190212211026	4.9355	60.8704	-3	2	5.9
20190212211026	5.0252	61.3208	-4	1	8.1
20190212211026	5.0772	60.6825	-2	1	4.5
20190212211026	5.2247	61.3878	-42	1	4.1
20190212211026	5.4399	61.9045	113	1	1
20190212211026	5.8166	61.9168	-3	1	4.8
20190212211026	6.756	61.6277	12	1	2.4
20190212211026	8.6882	58.246	-5	1	13.9
20190212211649	4.2957	61.5136	-7	1	9.9
20190212211649	4.8125	59.6539	-5	1	8.6
20190212211649	4.8149	61.0901	-3	1	13
20190212211649	5.3392	61.1462	-5	1	4.7
20190212211649	5.6673	61.2083	-2	1	6.3
20190212212141	4.638	60.3814	-12	1	2.8
20190212212141	4.7431	61.1812	-4	1	8.5
20190212212141	4.9991	61.4477	-71	1	1.8
20190212212141	5.187	61.1824	-10	1	4.5
20190212212141	5.4249	61.7835	18	2	0.7
20190212212141	5.711	61.2578	-2	1	6.9
20190212212141	6.5545	61.5823	-3	1	3.2
20190212212548	5.1974	61.537	9	1	0.5
20190212212548	5.6729	61.9723	-6	2	13.5
20190212212548	5.7012	60.9183	-3	1	3.7
20190212212548	8.1313	61.1999	8	1	6.3
20190212213332	4.96	61.829	-3	1	10.1
20190212213332	5.1519	61.2101	6	1	5.8
20190212213332	5.2091	61.4623	287	1	0.4
20190212213332	5.4028	61.5186	-2	1	9.6
20190212213332	5.7452	61.2302	-8	1	3.5
20190212213332	6.0712	61.9827	7	1	2.9
20190212215902	5.0541	61.6897	5	1	6.5
20190212215902	5.1454	61.4424	8	1	5.2
20190212215902	5.4247	61.3374	-5	1	5.2
20190212215902	5.6791	61.79	-2	1	6.9
20190212215902	5.7019	61.0719	-5	1	3.3
20190212215902	6.0896	61.5669	34	1	0.2
20190212215902	6.2792	61.714	27	1	0.1
20190212221453	7.2761	61.1439	-5	2	6.4
20190212221720	5.7507	61.3563	11	1	3.2
20190212221720	7.7598	60.4503	-4	1	8.8
20190212221720	7.9797	61.9873	-2	1	5.4
20190212221904	7.3157	61.1374	-4	1	7.1
20190212224849	7.7959	62.0468	-4	1	2.2
20190212224849	7.9728	61.9291	-4	3	2.6
20190212224849	8.6804	62.0552	-2	1	6.5
20190214082504	9.2388	65.3934	109	1	0.4
20190214082631	9.2616	65.4061	77	1	0.4
20190214083839	9.7389	65.476	141	2	0.5
20190214101245	16.2824	67.5654	17	1	0.9
20190218141319	9.0601	65.0417	-7	1	0.5
20190218141556	9.1564	65.0297	63	1	0.3
20190218141933	9.2204	65.066	41	1	0.4
20190220140028	27.4081	55.9662	-16	3	0.9
20190224053033	14.5175	66.7468	-6	1	0.3
20190224062533	10.9034	64.9125	-4	1	0.4
20190224063205	10.7076	64.7509	24	2	0.3
20190224090101	15.4902	64.6325	-4	1	5.9
20190224091434	12.9779	66.1916	-10	1	1.4
20190224093150	10.0202	65.9119	130	2	0.4
