3185000 6635000 50
3195000 6635000 50
3205000 6635000 50
3215000 6635000 50
3225000 6635000 50
3235000 6635000 50
3245000 6635000 50
3255000 6635000 50
3265000 6635000 50
3275000 6635000 50
3285000 6635000 50
3295000 6635000 50
3305000 6635000 50
3175000 6645000 50
3185000 6645000 50
3195000 6645000 50
3205000 6645000 50
3215000 6645000 50
3225000 6645000 50
3235000 6645000 50
3245000 6645000 50
3255000 6645000 50
3265000 6645000 50
3275000 6645000 50
3285000 6645000 37
3295000 6645000 50
3305000 6645000 50
3315000 6645000 50
3325000 6645000 50
3155000 6655000 50
3165000 6655000 50
3175000 6655000 50
3185000 6655000 50
3195000 6655000 50
3205000 6655000 50
3215000 6655000 50
3225000 6655000 50
3235000 6655000 50
3245000 6655000 50
3255000 6655000 50
3265000 6655000 50
3275000 6655000 50
3285000 6655000 50
3295000 6655000 50
3305000 6655000 37
3315000 6655000 37
3325000 6655000 37
3335000 6655000 50
3345000 6655000 50
3355000 6655000 50
3365000 6655000 50
3125000 6665000 50
3135000 6665000 50
3145000 6665000 50
3155000 6665000 50
3165000 6665000 50
3175000 6665000 50
3185000 6665000 50
3195000 6665000 50
3205000 6665000 50
3215000 6665000 50
3225000 6665000 50
3235000 6665000 50
3245000 6665000 50
3255000 6665000 50
3265000 6665000 50
3275000 6665000 50
3285000 6665000 50
3295000 6665000 50
3305000 6665000 50
3315000 6665000 50
3325000 6665000 50
3335000 6665000 50
3345000 6665000 37
3355000 6665000 37
3365000 6665000 37
3375000 6665000 50
3385000 6665000 50
3395000 6665000 50
3105000 6675000 50
3115000 6675000 50
3125000 6675000 50
3135000 6675000 50
3145000 6675000 50
3155000 6675000 50
3165000 6675000 50
3175000 6675000 50
3185000 6675000 50
3195000 6675000 50
3205000 6675000 50
3215000 6675000 50
3225000 6675000 50
3235000 6675000 50
3245000 6675000 50
3255000 6675000 50
3265000 6675000 50
3275000 6675000 50
3285000 6675000 50
3295000 6675000 50
3305000 6675000 50
3315000 6675000 50
3325000 6675000 50
3335000 6675000 50
3345000 6675000 37
3355000 6675000 37
3365000 6675000 37
3375000 6675000 37
3385000 6675000 50
3395000 6675000 50
3405000 6675000 50
3415000 6675000 50
3425000 6675000 50
3435000 6675000 50
3445000 6675000 50
3095000 6685000 50
3105000 6685000 50
3115000 6685000 50
3125000 6685000 50
3135000 6685000 50
3145000 6685000 50
3155000 6685000 50
3165000 6685000 50
3175000 6685000 50
3185000 6685000 50
3195000 6685000 50
3205000 6685000 50
3215000 6685000 50
3225000 6685000 50
3235000 6685000 50
3245000 6685000 50
3255000 6685000 50
3265000 6685000 50
3275000 6685000 50
3285000 6685000 50
3295000 6685000 50
3305000 6685000 50
3315000 6685000 50
3325000 6685000 50
3335000 6685000 50
3345000 6685000 37
3355000 6685000 37
3365000 6685000 37
3375000 6685000 37
3385000 6685000 37
3395000 6685000 12
3405000 6685000 37
3415000 6685000 37
3425000 6685000 37
3435000 6685000 37
3445000 6685000 50
3455000 6685000 50
3465000 6685000 50
3075000 6695000 50
3085000 6695000 50
3095000 6695000 50
3105000 6695000 50
3115000 6695000 50
3125000 6695000 50
3135000 6695000 50
3145000 6695000 50
3155000 6695000 50
3165000 6695000 50
3175000 6695000 50
3185000 6695000 50
3195000 6695000 50
3205000 6695000 50
3215000 6695000 50
3225000 6695000 50
3235000 6695000 50
3245000 6695000 50
3255000 6695000 50
3265000 6695000 50
3275000 6695000 50
3285000 6695000 50
3295000 6695000 50
3305000 6695000 50
3315000 6695000 50
3325000 6695000 50
3335000 6695000 50
3345000 6695000 37
3355000 6695000 37
3365000 6695000 37
3375000 6695000 37
3385000 6695000 37
3395000 6695000 37
3405000 6695000 37
3415000 6695000 37
3425000 6695000 37
3435000 6695000 37
3445000 6695000 37
3455000 6695000 37
3465000 6695000 50
3475000 6695000 50
3485000 6695000 50
3495000 6695000 50
3505000 6695000 50
3525000 6695000 50
3075000 6705000 50
3085000 6705000 50
3095000 6705000 50
3105000 6705000 50
3115000 6705000 50
3125000 6705000 50
3135000 6705000 50
3145000 6705000 50
3155000 6705000 50
3165000 6705000 50
3175000 6705000 50
3185000 6705000 50
3195000 6705000 50
3205000 6705000 50
3215000 6705000 50
3225000 6705000 50
3235000 6705000 50
3245000 6705000 50
3255000 6705000 50
3265000 6705000 50
3275000 6705000 50
3285000 6705000 50
3295000 6705000 50
3305000 6705000 50
3315000 6705000 50
3325000 6705000 50
3335000 6705000 50
3345000 6705000 50
3355000 6705000 37
3365000 6705000 37
3375000 6705000 37
3385000 6705000 37
3395000 6705000 37
3405000 6705000 37
3415000 6705000 37
3425000 6705000 37
3435000 6705000 37
3445000 6705000 37
3455000 6705000 37
3465000 6705000 37
3475000 6705000 37
3485000 6705000 37
3495000 6705000 50
3505000 6705000 50
3515000 6705000 50
3525000 6705000 50
3535000 6705000 50
3545000 6705000 50
3075000 6715000 50
3085000 6715000 50
3095000 6715000 50
3105000 6715000 50
3115000 6715000 50
3125000 6715000 50
3135000 6715000 50
3145000 6715000 50
3155000 6715000 50
3165000 6715000 50
3175000 6715000 50
3185000 6715000 50
3195000 6715000 50
3205000 6715000 50
3215000 6715000 50
3225000 6715000 50
3235000 6715000 50
3245000 6715000 50
3255000 6715000 50
3265000 6715000 50
3275000 6715000 50
3285000 6715000 50
3295000 6715000 50
3305000 6715000 50
3315000 6715000 50
3325000 6715000 50
3335000 6715000 50
3345000 6715000 50
3355000 6715000 50
3365000 6715000 37
3375000 6715000 50
3385000 6715000 50
3395000 6715000 50
3405000 6715000 50
3415000 6715000 50
3425000 6715000 37
3435000 6715000 37
3445000 6715000 37
3455000 6715000 37
3465000 6715000 37
3475000 6715000 37
3485000 6715000 37
3495000 6715000 37
3505000 6715000 37
3515000 6715000 37
3525000 6715000 37
3535000 6715000 37
3545000 6715000 37
3075000 6725000 50
3085000 6725000 50
3095000 6725000 50
3105000 6725000 50
3115000 6725000 50
3125000 6725000 50
3135000 6725000 50
3145000 6725000 50
3155000 6725000 50
3165000 6725000 50
3175000 6725000 50
3185000 6725000 50
3195000 6725000 50
3205000 6725000 50
3215000 6725000 50
3225000 6725000 50
3235000 6725000 50
3245000 6725000 50
3255000 6725000 50
3265000 6725000 50
3275000 6725000 50
3285000 6725000 50
3295000 6725000 50
3305000 6725000 50
3315000 6725000 50
3325000 6725000 50
3335000 6725000 50
3345000 6725000 50
3355000 6725000 50
3365000 6725000 50
3375000 6725000 50
3385000 6725000 50
3395000 6725000 50
3405000 6725000 50
3415000 6725000 50
3425000 6725000 50
3435000 6725000 37
3445000 6725000 37
3455000 6725000 37
3465000 6725000 37
3475000 6725000 37
3485000 6725000 37
3495000 6725000 37
3505000 6725000 37
3515000 6725000 37
3525000 6725000 37
3535000 6725000 37
3545000 6725000 37
3555000 6725000 37
3095000 6735000 50
3105000 6735000 50
3115000 6735000 50
3125000 6735000 50
3135000 6735000 50
3145000 6735000 50
3155000 6735000 50
3165000 6735000 50
3175000 6735000 50
3185000 6735000 50
3195000 6735000 50
3205000 6735000 50
3215000 6735000 50
3225000 6735000 50
3235000 6735000 50
3245000 6735000 50
3255000 6735000 50
3265000 6735000 50
3275000 6735000 50
3285000 6735000 50
3295000 6735000 50
3305000 6735000 50
3315000 6735000 50
3325000 6735000 50
3335000 6735000 50
3345000 6735000 50
3355000 6735000 50
3365000 6735000 50
3375000 6735000 50
3385000 6735000 50
3395000 6735000 50
3405000 6735000 50
3415000 6735000 50
3425000 6735000 50
3435000 6735000 37
3445000 6735000 37
3455000 6735000 37
3465000 6735000 37
3475000 6735000 37
3485000 6735000 37
3495000 6735000 37
3505000 6735000 37
3515000 6735000 37
3525000 6735000 37
3535000 6735000 37
3545000 6735000 37
3555000 6735000 37
3565000 6735000 37
3105000 6745000 50
3115000 6745000 50
3125000 6745000 50
3135000 6745000 50
3145000 6745000 50
3155000 6745000 50
3165000 6745000 50
3175000 6745000 50
3185000 6745000 50
3195000 6745000 50
3205000 6745000 50
3215000 6745000 50
3225000 6745000 50
3235000 6745000 50
3245000 6745000 50
3255000 6745000 50
3265000 6745000 50
3275000 6745000 50
3285000 6745000 50
3295000 6745000 50
3305000 6745000 50
3315000 6745000 50
3325000 6745000 50
3335000 6745000 50
3345000 6745000 50
3355000 6745000 50
3365000 6745000 50
3375000 6745000 50
3385000 6745000 50
3395000 6745000 50
3405000 6745000 50
3415000 6745000 50
3425000 6745000 50
3435000 6745000 37
3445000 6745000 37
3455000 6745000 37
3465000 6745000 37
3475000 6745000 37
3485000 6745000 37
3495000 6745000 37
3505000 6745000 37
3515000 6745000 37
3525000 6745000 37
3535000 6745000 37
3545000 6745000 37
3555000 6745000 12
3565000 6745000 12
3575000 6745000 12
3115000 6755000 50
3125000 6755000 50
3135000 6755000 50
3145000 6755000 50
3155000 6755000 50
3165000 6755000 50
3175000 6755000 50
3185000 6755000 50
3195000 6755000 50
3205000 6755000 50
3215000 6755000 50
3225000 6755000 50
3235000 6755000 50
3245000 6755000 50
3255000 6755000 50
3265000 6755000 50
3275000 6755000 50
3285000 6755000 50
3295000 6755000 50
3305000 6755000 50
3315000 6755000 50
3325000 6755000 50
3335000 6755000 50
3345000 6755000 50
3355000 6755000 50
3365000 6755000 50
3375000 6755000 50
3385000 6755000 50
3395000 6755000 50
3405000 6755000 50
3415000 6755000 50
3425000 6755000 37
3435000 6755000 37
3445000 6755000 37
3455000 6755000 37
3465000 6755000 37
3475000 6755000 37
3485000 6755000 37
3495000 6755000 37
3505000 6755000 37
3515000 6755000 37
3525000 6755000 12
3535000 6755000 12
3545000 6755000 12
3555000 6755000 12
3565000 6755000 12
3575000 6755000 12
3585000 6755000 12
3125000 6765000 50
3135000 6765000 50
3145000 6765000 50
3155000 6765000 50
3165000 6765000 50
3175000 6765000 50
3185000 6765000 50
3195000 6765000 50
3205000 6765000 50
3215000 6765000 50
3225000 6765000 50
3235000 6765000 50
3245000 6765000 50
3255000 6765000 50
3265000 6765000 50
3275000 6765000 50
3285000 6765000 50
3295000 6765000 50
3305000 6765000 50
3315000 6765000 50
3325000 6765000 50
3335000 6765000 50
3345000 6765000 50
3355000 6765000 50
3365000 6765000 50
3375000 6765000 50
3385000 6765000 50
3395000 6765000 50
3405000 6765000 50
3415000 6765000 37
3425000 6765000 37
3435000 6765000 37
3445000 6765000 37
3455000 6765000 37
3465000 6765000 37
3475000 6765000 37
3485000 6765000 37
3495000 6765000 37
3505000 6765000 12
3515000 6765000 12
3525000 6765000 12
3535000 6765000 12
3545000 6765000 12
3555000 6765000 12
3565000 6765000 12
3575000 6765000 12
3585000 6765000 12
3595000 6765000 12
3135000 6775000 50
3145000 6775000 50
3155000 6775000 50
3165000 6775000 50
3175000 6775000 50
3185000 6775000 50
3195000 6775000 50
3205000 6775000 50
3215000 6775000 50
3225000 6775000 50
3235000 6775000 50
3245000 6775000 50
3255000 6775000 50
3265000 6775000 50
3275000 6775000 50
3285000 6775000 50
3295000 6775000 50
3305000 6775000 50
3315000 6775000 50
3325000 6775000 50
3335000 6775000 50
3345000 6775000 50
3355000 6775000 50
3365000 6775000 50
3375000 6775000 50
3385000 6775000 50
3395000 6775000 50
3405000 6775000 37
3415000 6775000 37
3425000 6775000 37
3435000 6775000 37
3445000 6775000 37
3455000 6775000 37
3465000 6775000 37
3475000 6775000 37
3485000 6775000 37
3495000 6775000 37
3505000 6775000 37
3515000 6775000 12
3525000 6775000 12
3535000 6775000 12
3545000 6775000 12
3555000 6775000 12
3565000 6775000 12
3575000 6775000 12
3585000 6775000 12
3595000 6775000 12
3145000 6785000 50
3155000 6785000 50
3165000 6785000 50
3175000 6785000 50
3185000 6785000 50
3195000 6785000 50
3205000 6785000 50
3215000 6785000 50
3225000 6785000 50
3235000 6785000 50
3245000 6785000 50
3255000 6785000 50
3265000 6785000 50
3275000 6785000 50
3285000 6785000 50
3295000 6785000 50
3305000 6785000 50
3315000 6785000 50
3325000 6785000 50
3335000 6785000 50
3345000 6785000 50
3355000 6785000 50
3365000 6785000 50
3375000 6785000 50
3385000 6785000 50
3395000 6785000 37
3405000 6785000 37
3415000 6785000 37
3425000 6785000 37
3435000 6785000 37
3445000 6785000 37
3455000 6785000 37
3465000 6785000 37
3475000 6785000 37
3485000 6785000 37
3495000 6785000 37
3505000 6785000 37
3515000 6785000 37
3525000 6785000 37
3535000 6785000 12
3545000 6785000 12
3555000 6785000 12
3565000 6785000 12
3575000 6785000 12
3585000 6785000 12
3595000 6785000 12
3605000 6785000 12
3615000 6785000 37
3155000 6795000 50
3165000 6795000 50
3175000 6795000 50
3185000 6795000 50
3195000 6795000 50
3205000 6795000 50
3215000 6795000 50
3225000 6795000 50
3235000 6795000 50
3245000 6795000 50
3255000 6795000 50
3265000 6795000 50
3275000 6795000 50
3285000 6795000 50
3295000 6795000 50
3305000 6795000 50
3315000 6795000 50
3325000 6795000 50
3335000 6795000 50
3345000 6795000 50
3355000 6795000 50
3365000 6795000 50
3375000 6795000 50
3385000 6795000 50
3395000 6795000 37
3405000 6795000 37
3415000 6795000 12
3425000 6795000 12
3435000 6795000 37
3445000 6795000 37
3455000 6795000 37
3465000 6795000 37
3475000 6795000 37
3485000 6795000 37
3495000 6795000 37
3505000 6795000 37
3515000 6795000 37
3525000 6795000 37
3535000 6795000 37
3545000 6795000 12
3555000 6795000 12
3565000 6795000 12
3575000 6795000 12
3585000 6795000 12
3595000 6795000 12
3605000 6795000 12
3615000 6795000 37
3625000 6795000 37
3165000 6805000 50
3175000 6805000 50
3185000 6805000 50
3195000 6805000 50
3205000 6805000 50
3215000 6805000 50
3225000 6805000 50
3235000 6805000 50
3245000 6805000 50
3255000 6805000 50
3265000 6805000 50
3275000 6805000 50
3285000 6805000 50
3295000 6805000 50
3305000 6805000 50
3315000 6805000 50
3325000 6805000 50
3335000 6805000 50
3345000 6805000 50
3355000 6805000 50
3365000 6805000 50
3375000 6805000 50
3385000 6805000 37
3395000 6805000 37
3405000 6805000 37
3415000 6805000 12
3425000 6805000 12
3435000 6805000 37
3445000 6805000 37
3455000 6805000 37
3465000 6805000 37
3475000 6805000 37
3485000 6805000 37
3495000 6805000 37
3505000 6805000 37
3515000 6805000 37
3525000 6805000 37
3535000 6805000 37
3545000 6805000 37
3555000 6805000 12
3565000 6805000 12
3575000 6805000 12
3585000 6805000 12
3595000 6805000 12
3605000 6805000 37
3615000 6805000 37
3625000 6805000 37
3175000 6815000 50
3185000 6815000 50
3195000 6815000 50
3205000 6815000 50
3215000 6815000 50
3225000 6815000 50
3235000 6815000 50
3245000 6815000 50
3255000 6815000 50
3265000 6815000 50
3275000 6815000 50
3285000 6815000 50
3295000 6815000 50
3305000 6815000 50
3315000 6815000 50
3325000 6815000 50
3335000 6815000 50
3345000 6815000 50
3355000 6815000 50
3365000 6815000 50
3375000 6815000 37
3385000 6815000 37
3395000 6815000 37
3405000 6815000 37
3415000 6815000 37
3425000 6815000 37
3435000 6815000 37
3445000 6815000 37
3455000 6815000 37
3465000 6815000 37
3475000 6815000 37
3485000 6815000 37
3495000 6815000 37
3505000 6815000 37
3515000 6815000 37
3525000 6815000 37
3535000 6815000 37
3545000 6815000 37
3555000 6815000 37
3565000 6815000 37
3575000 6815000 37
3585000 6815000 37
3595000 6815000 37
3605000 6815000 37
3615000 6815000 37
3625000 6815000 37
3635000 6815000 37
3185000 6825000 50
3195000 6825000 50
3205000 6825000 50
3215000 6825000 50
3225000 6825000 50
3235000 6825000 50
3245000 6825000 50
3255000 6825000 50
3265000 6825000 50
3275000 6825000 50
3285000 6825000 50
3295000 6825000 50
3305000 6825000 50
3315000 6825000 50
3325000 6825000 37
3335000 6825000 37
3345000 6825000 37
3355000 6825000 37
3365000 6825000 37
3375000 6825000 37
3385000 6825000 37
3395000 6825000 37
3405000 6825000 37
3415000 6825000 37
3425000 6825000 37
3435000 6825000 37
3445000 6825000 37
3455000 6825000 37
3465000 6825000 37
3475000 6825000 37
3485000 6825000 37
3495000 6825000 37
3505000 6825000 50
3515000 6825000 37
3525000 6825000 37
3535000 6825000 37
3545000 6825000 37
3555000 6825000 37
3565000 6825000 37
3575000 6825000 37
3585000 6825000 37
3595000 6825000 37
3605000 6825000 37
3615000 6825000 37
3625000 6825000 37
3635000 6825000 37
3645000 6825000 37
3195000 6835000 50
3205000 6835000 50
3215000 6835000 50
3225000 6835000 50
3235000 6835000 50
3245000 6835000 50
3255000 6835000 50
3265000 6835000 50
3275000 6835000 50
3285000 6835000 50
3295000 6835000 50
3305000 6835000 50
3315000 6835000 50
3325000 6835000 37
3335000 6835000 37
3345000 6835000 37
3355000 6835000 37
3365000 6835000 37
3375000 6835000 37
3385000 6835000 37
3395000 6835000 37
3405000 6835000 37
3415000 6835000 37
3425000 6835000 12
3435000 6835000 37
3445000 6835000 37
3455000 6835000 37
3465000 6835000 37
3475000 6835000 37
3485000 6835000 50
3495000 6835000 50
3505000 6835000 50
3515000 6835000 50
3525000 6835000 50
3535000 6835000 37
3545000 6835000 37
3555000 6835000 37
3565000 6835000 37
3575000 6835000 37
3585000 6835000 37
3595000 6835000 37
3605000 6835000 37
3615000 6835000 37
3625000 6835000 37
3635000 6835000 37
3645000 6835000 37
3205000 6845000 50
3215000 6845000 50
3225000 6845000 50
3235000 6845000 50
3245000 6845000 50
3255000 6845000 50
3265000 6845000 50
3275000 6845000 50
3285000 6845000 50
3295000 6845000 50
3305000 6845000 50
3315000 6845000 50
3325000 6845000 37
3335000 6845000 37
3345000 6845000 37
3355000 6845000 37
3365000 6845000 37
3375000 6845000 37
3385000 6845000 37
3395000 6845000 37
3405000 6845000 37
3415000 6845000 37
3425000 6845000 12
3435000 6845000 37
3445000 6845000 37
3455000 6845000 37
3465000 6845000 37
3475000 6845000 37
3485000 6845000 50
3495000 6845000 50
3505000 6845000 50
3515000 6845000 50
3525000 6845000 50
3535000 6845000 37
3545000 6845000 37
3555000 6845000 37
3565000 6845000 37
3575000 6845000 37
3585000 6845000 37
3595000 6845000 37
3605000 6845000 37
3615000 6845000 37
3625000 6845000 37
3635000 6845000 37
3645000 6845000 37
3655000 6845000 37
3205000 6855000 50
3215000 6855000 50
3225000 6855000 50
3235000 6855000 50
3245000 6855000 50
3255000 6855000 50
3265000 6855000 50
3275000 6855000 50
3285000 6855000 50
3295000 6855000 50
3305000 6855000 50
3315000 6855000 50
3325000 6855000 50
3335000 6855000 37
3345000 6855000 37
3355000 6855000 37
3365000 6855000 37
3375000 6855000 37
3385000 6855000 37
3395000 6855000 37
3405000 6855000 37
3415000 6855000 37
3425000 6855000 37
3435000 6855000 37
3445000 6855000 37
3455000 6855000 37
3465000 6855000 37
3475000 6855000 37
3485000 6855000 50
3495000 6855000 50
3505000 6855000 50
3515000 6855000 50
3525000 6855000 50
3535000 6855000 50
3545000 6855000 37
3555000 6855000 37
3565000 6855000 37
3575000 6855000 37
3585000 6855000 37
3595000 6855000 37
3605000 6855000 37
3615000 6855000 37
3625000 6855000 37
3635000 6855000 37
3645000 6855000 37
3655000 6855000 37
3665000 6855000 37
3205000 6865000 50
3215000 6865000 50
3225000 6865000 50
3235000 6865000 50
3245000 6865000 50
3255000 6865000 50
3265000 6865000 50
3275000 6865000 50
3285000 6865000 50
3295000 6865000 50
3305000 6865000 50
3315000 6865000 50
3325000 6865000 50
3335000 6865000 50
3345000 6865000 50
3355000 6865000 37
3365000 6865000 50
3375000 6865000 37
3385000 6865000 37
3395000 6865000 37
3405000 6865000 37
3415000 6865000 37
3425000 6865000 37
3435000 6865000 37
3445000 6865000 37
3455000 6865000 37
3465000 6865000 37
3475000 6865000 50
3485000 6865000 50
3495000 6865000 50
3505000 6865000 50
3515000 6865000 50
3525000 6865000 50
3535000 6865000 37
3545000 6865000 37
3555000 6865000 37
3565000 6865000 37
3575000 6865000 37
3585000 6865000 37
3595000 6865000 37
3605000 6865000 37
3615000 6865000 37
3625000 6865000 37
3635000 6865000 37
3645000 6865000 37
3655000 6865000 37
3665000 6865000 37
3205000 6875000 50
3215000 6875000 50
3225000 6875000 50
3235000 6875000 50
3245000 6875000 50
3255000 6875000 50
3265000 6875000 50
3275000 6875000 50
3285000 6875000 50
3295000 6875000 50
3305000 6875000 50
3315000 6875000 50
3325000 6875000 50
3335000 6875000 50
3345000 6875000 50
3355000 6875000 50
3365000 6875000 50
3375000 6875000 50
3385000 6875000 50
3395000 6875000 50
3405000 6875000 37
3415000 6875000 37
3425000 6875000 37
3435000 6875000 37
3445000 6875000 37
3455000 6875000 37
3465000 6875000 50
3475000 6875000 50
3485000 6875000 50
3495000 6875000 50
3505000 6875000 50
3515000 6875000 50
3525000 6875000 50
3535000 6875000 37
3545000 6875000 37
3555000 6875000 37
3565000 6875000 37
3575000 6875000 12
3585000 6875000 12
3595000 6875000 12
3605000 6875000 37
3615000 6875000 37
3625000 6875000 37
3635000 6875000 37
3645000 6875000 37
3655000 6875000 37
3665000 6875000 37
3675000 6875000 37
3205000 6885000 50
3215000 6885000 50
3225000 6885000 50
3235000 6885000 50
3245000 6885000 50
3255000 6885000 50
3265000 6885000 50
3275000 6885000 50
3285000 6885000 50
3295000 6885000 50
3305000 6885000 50
3315000 6885000 50
3325000 6885000 50
3335000 6885000 50
3345000 6885000 50
3355000 6885000 50
3365000 6885000 50
3375000 6885000 50
3385000 6885000 50
3395000 6885000 50
3405000 6885000 50
3415000 6885000 50
3425000 6885000 50
3435000 6885000 50
3445000 6885000 50
3455000 6885000 37
3465000 6885000 50
3475000 6885000 50
3485000 6885000 50
3495000 6885000 50
3505000 6885000 50
3515000 6885000 50
3525000 6885000 37
3535000 6885000 37
3545000 6885000 37
3555000 6885000 37
3565000 6885000 37
3575000 6885000 12
3585000 6885000 12
3595000 6885000 12
3605000 6885000 12
3615000 6885000 37
3625000 6885000 37
3635000 6885000 37
3645000 6885000 37
3655000 6885000 37
3665000 6885000 37
3675000 6885000 37
3685000 6885000 37
3205000 6895000 50
3215000 6895000 50
3225000 6895000 50
3235000 6895000 50
3245000 6895000 50
3255000 6895000 50
3265000 6895000 50
3275000 6895000 50
3285000 6895000 50
3295000 6895000 50
3305000 6895000 50
3315000 6895000 50
3325000 6895000 50
3335000 6895000 50
3345000 6895000 50
3355000 6895000 50
3365000 6895000 50
3375000 6895000 50
3385000 6895000 50
3395000 6895000 50
3405000 6895000 50
3415000 6895000 50
3425000 6895000 50
3435000 6895000 50
3445000 6895000 50
3455000 6895000 50
3465000 6895000 50
3475000 6895000 50
3485000 6895000 50
3495000 6895000 50
3505000 6895000 50
3515000 6895000 50
3525000 6895000 37
3535000 6895000 37
3545000 6895000 37
3555000 6895000 37
3565000 6895000 37
3575000 6895000 12
3585000 6895000 12
3595000 6895000 12
3605000 6895000 12
3615000 6895000 37
3625000 6895000 37
3635000 6895000 37
3645000 6895000 37
3655000 6895000 37
3665000 6895000 37
3675000 6895000 37
3685000 6895000 37
3205000 6905000 50
3215000 6905000 50
3225000 6905000 50
3235000 6905000 50
3245000 6905000 50
3255000 6905000 50
3265000 6905000 50
3275000 6905000 50
3285000 6905000 50
3295000 6905000 50
3305000 6905000 50
3315000 6905000 50
3325000 6905000 50
3335000 6905000 50
3345000 6905000 50
3355000 6905000 50
3365000 6905000 50
3375000 6905000 50
3385000 6905000 50
3395000 6905000 50
3405000 6905000 50
3415000 6905000 50
3425000 6905000 50
3435000 6905000 50
3445000 6905000 50
3455000 6905000 50
3465000 6905000 50
3475000 6905000 50
3485000 6905000 50
3495000 6905000 50
3505000 6905000 50
3515000 6905000 37
3525000 6905000 37
3535000 6905000 37
3545000 6905000 37
3555000 6905000 37
3565000 6905000 37
3575000 6905000 12
3585000 6905000 12
3595000 6905000 12
3605000 6905000 37
3615000 6905000 37
3625000 6905000 37
3635000 6905000 37
3645000 6905000 37
3655000 6905000 37
3665000 6905000 37
3675000 6905000 37
3685000 6905000 37
3695000 6905000 37
3205000 6915000 50
3215000 6915000 50
3225000 6915000 50
3235000 6915000 50
3245000 6915000 50
3255000 6915000 50
3265000 6915000 50
3275000 6915000 50
3285000 6915000 50
3295000 6915000 50
3305000 6915000 50
3315000 6915000 50
3325000 6915000 50
3335000 6915000 50
3345000 6915000 50
3355000 6915000 50
3365000 6915000 50
3375000 6915000 50
3385000 6915000 50
3395000 6915000 50
3405000 6915000 50
3415000 6915000 50
3425000 6915000 50
3435000 6915000 50
3445000 6915000 50
3455000 6915000 50
3465000 6915000 50
3475000 6915000 50
3485000 6915000 50
3495000 6915000 50
3505000 6915000 50
3515000 6915000 37
3525000 6915000 37
3535000 6915000 37
3545000 6915000 37
3555000 6915000 37
3565000 6915000 37
3575000 6915000 37
3585000 6915000 37
3595000 6915000 37
3605000 6915000 37
3615000 6915000 37
3625000 6915000 37
3635000 6915000 37
3645000 6915000 37
3655000 6915000 37
3665000 6915000 37
3675000 6915000 37
3685000 6915000 37
3695000 6915000 37
3705000 6915000 50
3195000 6925000 50
3205000 6925000 50
3215000 6925000 50
3225000 6925000 50
3235000 6925000 50
3245000 6925000 50
3255000 6925000 50
3265000 6925000 50
3275000 6925000 50
3285000 6925000 50
3295000 6925000 50
3305000 6925000 50
3315000 6925000 50
3325000 6925000 50
3335000 6925000 50
3345000 6925000 50
3355000 6925000 50
3365000 6925000 50
3375000 6925000 50
3385000 6925000 50
3395000 6925000 50
3405000 6925000 50
3415000 6925000 50
3425000 6925000 50
3435000 6925000 50
3445000 6925000 50
3455000 6925000 50
3465000 6925000 50
3475000 6925000 50
3485000 6925000 50
3495000 6925000 50
3505000 6925000 50
3515000 6925000 37
3525000 6925000 37
3535000 6925000 37
3545000 6925000 37
3555000 6925000 37
3565000 6925000 37
3575000 6925000 37
3585000 6925000 37
3595000 6925000 37
3605000 6925000 37
3615000 6925000 37
3625000 6925000 37
3635000 6925000 37
3645000 6925000 37
3655000 6925000 37
3665000 6925000 37
3675000 6925000 37
3685000 6925000 37
3695000 6925000 37
3705000 6925000 37
3715000 6925000 50
3195000 6935000 50
3205000 6935000 50
3215000 6935000 50
3225000 6935000 50
3235000 6935000 50
3245000 6935000 50
3255000 6935000 50
3265000 6935000 50
3275000 6935000 50
3285000 6935000 50
3295000 6935000 50
3305000 6935000 50
3315000 6935000 50
3325000 6935000 50
3335000 6935000 50
3345000 6935000 50
3355000 6935000 50
3365000 6935000 50
3375000 6935000 50
3385000 6935000 50
3395000 6935000 50
3405000 6935000 50
3415000 6935000 50
3425000 6935000 50
3435000 6935000 50
3445000 6935000 50
3455000 6935000 50
3465000 6935000 50
3475000 6935000 50
3485000 6935000 50
3495000 6935000 50
3505000 6935000 50
3515000 6935000 37
3525000 6935000 37
3535000 6935000 37
3545000 6935000 37
3555000 6935000 37
3565000 6935000 37
3575000 6935000 37
3585000 6935000 37
3595000 6935000 37
3605000 6935000 37
3615000 6935000 12
3625000 6935000 37
3635000 6935000 12
3645000 6935000 12
3655000 6935000 37
3665000 6935000 37
3675000 6935000 37
3685000 6935000 37
3695000 6935000 37
3705000 6935000 37
3715000 6935000 50
3195000 6945000 50
3205000 6945000 50
3215000 6945000 50
3225000 6945000 50
3235000 6945000 50
3245000 6945000 50
3255000 6945000 50
3265000 6945000 50
3275000 6945000 50
3285000 6945000 50
3295000 6945000 50
3305000 6945000 50
3315000 6945000 50
3325000 6945000 50
3335000 6945000 50
3345000 6945000 50
3355000 6945000 50
3365000 6945000 50
3375000 6945000 50
3385000 6945000 50
3395000 6945000 50
3405000 6945000 50
3415000 6945000 50
3425000 6945000 50
3435000 6945000 50
3445000 6945000 50
3455000 6945000 50
3465000 6945000 50
3475000 6945000 50
3485000 6945000 50
3495000 6945000 50
3505000 6945000 50
3515000 6945000 37
3525000 6945000 37
3535000 6945000 37
3545000 6945000 37
3555000 6945000 37
3565000 6945000 37
3575000 6945000 37
3585000 6945000 37
3595000 6945000 37
3605000 6945000 12
3615000 6945000 12
3625000 6945000 12
3635000 6945000 12
3645000 6945000 12
3655000 6945000 37
3665000 6945000 37
3675000 6945000 37
3685000 6945000 37
3695000 6945000 37
3705000 6945000 37
3715000 6945000 50
3725000 6945000 50
3195000 6955000 50
3205000 6955000 50
3215000 6955000 50
3225000 6955000 50
3235000 6955000 50
3245000 6955000 50
3255000 6955000 50
3265000 6955000 50
3275000 6955000 50
3285000 6955000 50
3295000 6955000 50
3305000 6955000 50
3315000 6955000 50
3325000 6955000 50
3335000 6955000 50
3345000 6955000 50
3355000 6955000 50
3365000 6955000 50
3375000 6955000 50
3385000 6955000 50
3395000 6955000 50
3405000 6955000 50
3415000 6955000 50
3425000 6955000 50
3435000 6955000 50
3445000 6955000 50
3455000 6955000 50
3465000 6955000 50
3475000 6955000 50
3485000 6955000 50
3495000 6955000 50
3505000 6955000 37
3515000 6955000 37
3525000 6955000 37
3535000 6955000 37
3545000 6955000 37
3555000 6955000 37
3565000 6955000 37
3575000 6955000 37
3585000 6955000 37
3595000 6955000 37
3605000 6955000 37
3615000 6955000 12
3625000 6955000 12
3635000 6955000 12
3645000 6955000 12
3655000 6955000 37
3665000 6955000 37
3675000 6955000 37
3685000 6955000 37
3695000 6955000 37
3705000 6955000 37
3715000 6955000 50
3725000 6955000 50
3195000 6965000 50
3205000 6965000 50
3215000 6965000 50
3225000 6965000 50
3235000 6965000 50
3245000 6965000 50
3255000 6965000 50
3265000 6965000 50
3275000 6965000 50
3285000 6965000 50
3295000 6965000 50
3305000 6965000 50
3315000 6965000 50
3325000 6965000 50
3335000 6965000 50
3345000 6965000 50
3355000 6965000 50
3365000 6965000 50
3375000 6965000 50
3385000 6965000 50
3395000 6965000 50
3405000 6965000 50
3415000 6965000 50
3425000 6965000 50
3435000 6965000 50
3445000 6965000 50
3455000 6965000 50
3465000 6965000 50
3475000 6965000 50
3485000 6965000 50
3495000 6965000 50
3505000 6965000 50
3515000 6965000 37
3525000 6965000 37
3535000 6965000 37
3545000 6965000 37
3555000 6965000 37
3565000 6965000 37
3575000 6965000 37
3585000 6965000 37
3595000 6965000 37
3605000 6965000 37
3615000 6965000 37
3625000 6965000 12
3635000 6965000 12
3645000 6965000 12
3655000 6965000 37
3665000 6965000 37
3675000 6965000 37
3685000 6965000 37
3695000 6965000 37
3705000 6965000 37
3715000 6965000 50
3725000 6965000 50
3185000 6975000 50
3195000 6975000 50
3205000 6975000 50
3215000 6975000 50
3225000 6975000 50
3235000 6975000 50
3245000 6975000 50
3255000 6975000 50
3265000 6975000 50
3275000 6975000 50
3285000 6975000 50
3295000 6975000 50
3305000 6975000 50
3315000 6975000 50
3325000 6975000 50
3335000 6975000 50
3345000 6975000 50
3355000 6975000 50
3365000 6975000 50
3375000 6975000 50
3385000 6975000 50
3395000 6975000 50
3405000 6975000 50
3415000 6975000 50
3425000 6975000 50
3435000 6975000 50
3445000 6975000 50
3455000 6975000 50
3465000 6975000 50
3475000 6975000 50
3485000 6975000 50
3495000 6975000 50
3505000 6975000 50
3515000 6975000 37
3525000 6975000 37
3535000 6975000 37
3545000 6975000 37
3555000 6975000 37
3565000 6975000 37
3575000 6975000 37
3585000 6975000 37
3595000 6975000 37
3605000 6975000 37
3615000 6975000 37
3625000 6975000 37
3635000 6975000 37
3645000 6975000 37
3655000 6975000 37
3665000 6975000 37
3675000 6975000 37
3685000 6975000 37
3695000 6975000 50
3705000 6975000 50
3715000 6975000 50
3725000 6975000 50
3185000 6985000 50
3205000 6985000 50
3215000 6985000 50
3225000 6985000 50
3235000 6985000 50
3245000 6985000 50
3255000 6985000 50
3265000 6985000 50
3275000 6985000 50
3285000 6985000 50
3295000 6985000 50
3305000 6985000 50
3315000 6985000 50
3325000 6985000 50
3335000 6985000 50
3345000 6985000 50
3355000 6985000 50
3365000 6985000 50
3375000 6985000 50
3385000 6985000 50
3395000 6985000 50
3405000 6985000 50
3415000 6985000 50
3425000 6985000 50
3435000 6985000 50
3445000 6985000 50
3455000 6985000 50
3465000 6985000 50
3475000 6985000 50
3485000 6985000 50
3495000 6985000 50
3505000 6985000 50
3515000 6985000 37
3525000 6985000 37
3535000 6985000 12
3545000 6985000 12
3555000 6985000 37
3565000 6985000 37
3575000 6985000 37
3585000 6985000 37
3595000 6985000 37
3605000 6985000 37
3615000 6985000 37
3625000 6985000 37
3635000 6985000 37
3645000 6985000 37
3655000 6985000 37
3665000 6985000 37
3675000 6985000 37
3685000 6985000 50
3695000 6985000 50
3705000 6985000 50
3715000 6985000 50
3725000 6985000 50
3735000 6985000 50
3205000 6995000 50
3215000 6995000 50
3225000 6995000 50
3235000 6995000 50
3245000 6995000 50
3255000 6995000 50
3265000 6995000 50
3275000 6995000 50
3285000 6995000 50
3295000 6995000 50
3305000 6995000 50
3315000 6995000 50
3325000 6995000 50
3335000 6995000 50
3345000 6995000 50
3355000 6995000 50
3365000 6995000 50
3375000 6995000 50
3385000 6995000 50
3395000 6995000 50
3405000 6995000 50
3415000 6995000 50
3425000 6995000 50
3435000 6995000 50
3445000 6995000 50
3455000 6995000 50
3465000 6995000 50
3475000 6995000 50
3485000 6995000 50
3495000 6995000 50
3505000 6995000 50
3515000 6995000 50
3525000 6995000 37
3535000 6995000 12
3545000 6995000 12
3555000 6995000 12
3565000 6995000 37
3575000 6995000 37
3585000 6995000 37
3595000 6995000 37
3605000 6995000 37
3615000 6995000 37
3625000 6995000 37
3635000 6995000 37
3645000 6995000 37
3655000 6995000 37
3665000 6995000 37
3675000 6995000 50
3685000 6995000 50
3695000 6995000 50
3705000 6995000 50
3715000 6995000 50
3725000 6995000 50
3735000 6995000 50
3185000 7005000 50
3205000 7005000 50
3215000 7005000 50
3225000 7005000 50
3235000 7005000 37
3245000 7005000 50
3255000 7005000 50
3265000 7005000 50
3275000 7005000 50
3285000 7005000 50
3295000 7005000 37
3305000 7005000 37
3315000 7005000 37
3325000 7005000 50
3335000 7005000 50
3345000 7005000 50
3355000 7005000 50
3365000 7005000 50
3375000 7005000 50
3385000 7005000 50
3395000 7005000 50
3405000 7005000 50
3415000 7005000 50
3425000 7005000 50
3435000 7005000 50
3445000 7005000 50
3455000 7005000 50
3465000 7005000 50
3475000 7005000 50
3485000 7005000 50
3495000 7005000 50
3505000 7005000 50
3515000 7005000 50
3525000 7005000 37
3535000 7005000 37
3545000 7005000 37
3555000 7005000 37
3565000 7005000 37
3575000 7005000 37
3585000 7005000 37
3595000 7005000 37
3605000 7005000 37
3615000 7005000 37
3625000 7005000 37
3635000 7005000 37
3645000 7005000 37
3655000 7005000 37
3665000 7005000 37
3675000 7005000 50
3685000 7005000 50
3695000 7005000 50
3705000 7005000 50
3715000 7005000 37
3725000 7005000 37
3185000 7015000 50
3195000 7015000 50
3215000 7015000 50
3225000 7015000 50
3235000 7015000 50
3245000 7015000 50
3255000 7015000 50
3265000 7015000 50
3275000 7015000 50
3285000 7015000 50
3295000 7015000 37
3305000 7015000 37
3315000 7015000 37
3325000 7015000 50
3335000 7015000 50
3345000 7015000 50
3355000 7015000 50
3365000 7015000 50
3375000 7015000 50
3385000 7015000 50
3395000 7015000 50
3405000 7015000 50
3415000 7015000 50
3425000 7015000 50
3435000 7015000 50
3445000 7015000 50
3455000 7015000 50
3465000 7015000 50
3475000 7015000 50
3485000 7015000 50
3495000 7015000 50
3505000 7015000 50
3515000 7015000 50
3525000 7015000 37
3535000 7015000 37
3545000 7015000 37
3555000 7015000 37
3565000 7015000 37
3575000 7015000 37
3585000 7015000 37
3595000 7015000 37
3605000 7015000 37
3615000 7015000 37
3625000 7015000 37
3635000 7015000 37
3645000 7015000 37
3655000 7015000 37
3665000 7015000 50
3675000 7015000 50
3685000 7015000 50
3695000 7015000 50
3705000 7015000 37
3715000 7015000 37
3175000 7025000 50
3185000 7025000 50
3195000 7025000 50
3205000 7025000 50
3215000 7025000 50
3225000 7025000 50
3235000 7025000 50
3245000 7025000 50
3255000 7025000 50
3265000 7025000 50
3275000 7025000 50
3285000 7025000 50
3295000 7025000 37
3305000 7025000 37
3315000 7025000 37
3325000 7025000 50
3335000 7025000 50
3345000 7025000 50
3355000 7025000 50
3365000 7025000 50
3375000 7025000 50
3385000 7025000 50
3395000 7025000 50
3405000 7025000 50
3415000 7025000 50
3425000 7025000 50
3435000 7025000 50
3445000 7025000 50
3455000 7025000 50
3465000 7025000 50
3475000 7025000 50
3485000 7025000 50
3495000 7025000 50
3505000 7025000 50
3515000 7025000 50
3525000 7025000 50
3535000 7025000 37
3545000 7025000 37
3555000 7025000 37
3565000 7025000 37
3575000 7025000 37
3585000 7025000 37
3595000 7025000 37
3605000 7025000 37
3615000 7025000 37
3625000 7025000 37
3635000 7025000 37
3645000 7025000 37
3655000 7025000 37
3665000 7025000 50
3675000 7025000 50
3685000 7025000 50
3695000 7025000 37
3705000 7025000 37
3715000 7025000 37
3185000 7035000 50
3195000 7035000 50
3205000 7035000 50
3215000 7035000 50
3225000 7035000 50
3235000 7035000 50
3245000 7035000 50
3255000 7035000 50
3265000 7035000 50
3275000 7035000 50
3285000 7035000 50
3295000 7035000 50
3305000 7035000 50
3315000 7035000 50
3325000 7035000 50
3335000 7035000 50
3345000 7035000 50
3355000 7035000 50
3365000 7035000 50
3375000 7035000 50
3385000 7035000 50
3395000 7035000 50
3405000 7035000 50
3415000 7035000 50
3425000 7035000 50
3435000 7035000 50
3445000 7035000 50
3455000 7035000 50
3465000 7035000 50
3475000 7035000 50
3485000 7035000 50
3495000 7035000 50
3505000 7035000 50
3515000 7035000 50
3525000 7035000 50
3535000 7035000 37
3545000 7035000 37
3555000 7035000 37
3565000 7035000 37
3575000 7035000 37
3585000 7035000 50
3595000 7035000 37
3605000 7035000 37
3615000 7035000 37
3625000 7035000 37
3635000 7035000 37
3645000 7035000 37
3655000 7035000 37
3665000 7035000 50
3675000 7035000 50
3685000 7035000 50
3695000 7035000 37
3205000 7045000 50
3215000 7045000 50
3225000 7045000 50
3245000 7045000 50
3255000 7045000 50
3265000 7045000 50
3275000 7045000 50
3285000 7045000 50
3295000 7045000 50
3305000 7045000 50
3315000 7045000 50
3325000 7045000 50
3335000 7045000 50
3345000 7045000 50
3355000 7045000 50
3365000 7045000 50
3375000 7045000 50
3385000 7045000 50
3395000 7045000 50
3405000 7045000 50
3415000 7045000 50
3425000 7045000 50
3435000 7045000 50
3445000 7045000 50
3455000 7045000 50
3465000 7045000 50
3475000 7045000 50
3485000 7045000 50
3495000 7045000 50
3505000 7045000 50
3515000 7045000 50
3525000 7045000 50
3535000 7045000 50
3545000 7045000 37
3555000 7045000 37
3565000 7045000 37
3575000 7045000 37
3585000 7045000 37
3595000 7045000 37
3605000 7045000 37
3615000 7045000 37
3625000 7045000 37
3635000 7045000 37
3645000 7045000 37
3655000 7045000 50
3665000 7045000 50
3675000 7045000 50
3685000 7045000 37
3205000 7055000 50
3265000 7055000 50
3275000 7055000 50
3285000 7055000 50
3295000 7055000 50
3305000 7055000 50
3315000 7055000 50
3325000 7055000 50
3335000 7055000 50
3345000 7055000 50
3355000 7055000 50
3365000 7055000 50
3375000 7055000 50
3385000 7055000 50
3395000 7055000 50
3405000 7055000 50
3415000 7055000 50
3425000 7055000 50
3435000 7055000 50
3445000 7055000 50
3455000 7055000 50
3465000 7055000 50
3475000 7055000 50
3485000 7055000 50
3495000 7055000 50
3505000 7055000 50
3515000 7055000 50
3525000 7055000 50
3535000 7055000 50
3545000 7055000 50
3555000 7055000 37
3565000 7055000 37
3575000 7055000 37
3585000 7055000 37
3595000 7055000 50
3605000 7055000 50
3615000 7055000 37
3625000 7055000 37
3635000 7055000 37
3645000 7055000 50
3655000 7055000 50
3665000 7055000 50
3675000 7055000 37
3265000 7065000 50
3275000 7065000 50
3285000 7065000 50
3295000 7065000 50
3305000 7065000 50
3315000 7065000 50
3325000 7065000 50
3335000 7065000 50
3345000 7065000 50
3355000 7065000 50
3365000 7065000 50
3375000 7065000 50
3385000 7065000 50
3395000 7065000 50
3405000 7065000 50
3415000 7065000 50
3425000 7065000 50
3435000 7065000 50
3445000 7065000 50
3455000 7065000 50
3465000 7065000 50
3475000 7065000 50
3485000 7065000 50
3495000 7065000 50
3505000 7065000 50
3515000 7065000 50
3525000 7065000 50
3535000 7065000 50
3545000 7065000 50
3555000 7065000 37
3565000 7065000 37
3575000 7065000 37
3585000 7065000 50
3595000 7065000 50
3605000 7065000 50
3615000 7065000 37
3625000 7065000 37
3635000 7065000 37
3645000 7065000 50
3655000 7065000 50
3665000 7065000 37
3275000 7075000 50
3285000 7075000 50
3295000 7075000 50
3305000 7075000 37
3315000 7075000 50
3325000 7075000 50
3335000 7075000 50
3345000 7075000 50
3355000 7075000 50
3365000 7075000 50
3375000 7075000 50
3385000 7075000 50
3395000 7075000 50
3405000 7075000 50
3415000 7075000 50
3425000 7075000 50
3435000 7075000 50
3445000 7075000 50
3455000 7075000 50
3465000 7075000 50
3475000 7075000 50
3485000 7075000 50
3495000 7075000 50
3505000 7075000 50
3515000 7075000 50
3525000 7075000 50
3535000 7075000 50
3545000 7075000 50
3555000 7075000 37
3565000 7075000 37
3575000 7075000 37
3585000 7075000 37
3595000 7075000 37
3605000 7075000 37
3615000 7075000 50
3625000 7075000 37
3635000 7075000 37
3645000 7075000 37
3655000 7075000 37
3285000 7085000 50
3295000 7085000 37
3305000 7085000 50
3315000 7085000 50
3325000 7085000 50
3335000 7085000 50
3345000 7085000 50
3355000 7085000 37
3365000 7085000 37
3375000 7085000 50
3385000 7085000 50
3395000 7085000 50
3405000 7085000 50
3415000 7085000 50
3425000 7085000 50
3435000 7085000 50
3445000 7085000 50
3455000 7085000 50
3465000 7085000 50
3475000 7085000 50
3485000 7085000 50
3495000 7085000 50
3505000 7085000 50
3515000 7085000 50
3525000 7085000 50
3535000 7085000 50
3545000 7085000 50
3555000 7085000 37
3565000 7085000 37
3575000 7085000 37
3585000 7085000 37
3595000 7085000 37
3605000 7085000 50
3615000 7085000 37
3625000 7085000 37
3635000 7085000 37
3645000 7085000 37
3655000 7085000 37
3665000 7085000 37
3295000 7095000 50
3305000 7095000 50
3315000 7095000 50
3325000 7095000 50
3335000 7095000 50
3345000 7095000 50
3355000 7095000 50
3365000 7095000 50
3375000 7095000 50
3385000 7095000 50
3395000 7095000 50
3405000 7095000 50
3415000 7095000 50
3425000 7095000 50
3435000 7095000 50
3445000 7095000 50
3455000 7095000 50
3465000 7095000 50
3475000 7095000 50
3485000 7095000 50
3495000 7095000 50
3505000 7095000 50
3515000 7095000 50
3525000 7095000 50
3535000 7095000 50
3545000 7095000 50
3555000 7095000 37
3565000 7095000 37
3575000 7095000 37
3585000 7095000 37
3595000 7095000 50
3605000 7095000 50
3615000 7095000 37
3625000 7095000 37
3635000 7095000 37
3645000 7095000 37
3655000 7095000 37
3665000 7095000 37
3305000 7105000 50
3315000 7105000 50
3325000 7105000 50
3335000 7105000 50
3345000 7105000 50
3355000 7105000 50
3365000 7105000 50
3375000 7105000 50
3385000 7105000 50
3395000 7105000 50
3405000 7105000 50
3415000 7105000 50
3425000 7105000 50
3435000 7105000 50
3445000 7105000 50
3455000 7105000 50
3465000 7105000 50
3475000 7105000 50
3485000 7105000 50
3495000 7105000 50
3505000 7105000 50
3515000 7105000 50
3525000 7105000 50
3535000 7105000 50
3545000 7105000 50
3555000 7105000 50
3565000 7105000 37
3575000 7105000 37
3585000 7105000 50
3595000 7105000 50
3605000 7105000 37
3615000 7105000 37
3625000 7105000 37
3635000 7105000 37
3645000 7105000 37
3655000 7105000 37
3665000 7105000 37
3675000 7105000 37
3325000 7115000 50
3335000 7115000 50
3345000 7115000 50
3355000 7115000 50
3365000 7115000 50
3375000 7115000 50
3385000 7115000 50
3395000 7115000 50
3405000 7115000 50
3415000 7115000 50
3425000 7115000 50
3435000 7115000 50
3445000 7115000 50
3455000 7115000 50
3465000 7115000 50
3475000 7115000 50
3485000 7115000 50
3495000 7115000 50
3505000 7115000 50
3515000 7115000 50
3525000 7115000 50
3535000 7115000 50
3545000 7115000 50
3555000 7115000 50
3565000 7115000 37
3575000 7115000 50
3585000 7115000 50
3595000 7115000 50
3605000 7115000 37
3615000 7115000 37
3625000 7115000 37
3635000 7115000 37
3645000 7115000 37
3655000 7115000 37
3665000 7115000 37
3675000 7115000 37
3335000 7125000 50
3345000 7125000 50
3355000 7125000 50
3365000 7125000 50
3375000 7125000 50
3385000 7125000 50
3395000 7125000 50
3405000 7125000 50
3415000 7125000 50
3425000 7125000 50
3435000 7125000 50
3445000 7125000 50
3455000 7125000 50
3465000 7125000 50
3475000 7125000 50
3485000 7125000 50
3495000 7125000 50
3505000 7125000 50
3515000 7125000 50
3525000 7125000 50
3535000 7125000 37
3545000 7125000 50
3555000 7125000 50
3565000 7125000 50
3575000 7125000 50
3585000 7125000 50
3595000 7125000 50
3605000 7125000 37
3615000 7125000 37
3625000 7125000 37
3635000 7125000 37
3645000 7125000 37
3655000 7125000 12
3665000 7125000 12
3675000 7125000 12
3335000 7135000 50
3345000 7135000 50
3355000 7135000 50
3365000 7135000 50
3375000 7135000 50
3385000 7135000 50
3395000 7135000 50
3405000 7135000 50
3415000 7135000 50
3425000 7135000 50
3435000 7135000 50
3445000 7135000 50
3455000 7135000 50
3465000 7135000 50
3475000 7135000 50
3485000 7135000 50
3495000 7135000 50
3505000 7135000 50
3515000 7135000 50
3525000 7135000 50
3535000 7135000 50
3545000 7135000 50
3555000 7135000 50
3565000 7135000 50
3575000 7135000 50
3585000 7135000 50
3595000 7135000 50
3605000 7135000 37
3615000 7135000 37
3625000 7135000 37
3635000 7135000 37
3645000 7135000 37
3655000 7135000 12
3665000 7135000 12
3675000 7135000 12
3355000 7145000 50
3365000 7145000 50
3375000 7145000 50
3385000 7145000 50
3395000 7145000 50
3405000 7145000 50
3415000 7145000 50
3425000 7145000 50
3435000 7145000 50
3445000 7145000 50
3455000 7145000 50
3465000 7145000 50
3475000 7145000 50
3485000 7145000 50
3495000 7145000 50
3505000 7145000 50
3515000 7145000 50
3525000 7145000 50
3535000 7145000 50
3545000 7145000 50
3555000 7145000 50
3565000 7145000 50
3575000 7145000 50
3585000 7145000 50
3595000 7145000 50
3605000 7145000 37
3615000 7145000 37
3625000 7145000 37
3635000 7145000 37
3645000 7145000 37
3655000 7145000 12
3365000 7155000 50
3375000 7155000 50
3385000 7155000 50
3395000 7155000 50
3405000 7155000 50
3415000 7155000 50
3425000 7155000 50
3435000 7155000 50
3445000 7155000 50
3455000 7155000 50
3465000 7155000 50
3475000 7155000 50
3485000 7155000 50
3495000 7155000 50
3505000 7155000 50
3515000 7155000 50
3525000 7155000 50
3535000 7155000 50
3545000 7155000 50
3555000 7155000 50
3565000 7155000 50
3575000 7155000 50
3585000 7155000 50
3595000 7155000 50
3605000 7155000 37
3615000 7155000 37
3625000 7155000 37
3635000 7155000 37
3645000 7155000 37
3365000 7165000 50
3375000 7165000 50
3385000 7165000 50
3395000 7165000 50
3405000 7165000 50
3415000 7165000 50
3425000 7165000 50
3435000 7165000 50
3445000 7165000 50
3455000 7165000 50
3465000 7165000 50
3475000 7165000 50
3485000 7165000 50
3495000 7165000 50
3505000 7165000 50
3515000 7165000 50
3525000 7165000 50
3535000 7165000 50
3545000 7165000 50
3555000 7165000 50
3565000 7165000 50
3575000 7165000 50
3585000 7165000 50
3595000 7165000 50
3605000 7165000 50
3615000 7165000 37
3625000 7165000 37
3635000 7165000 37
3645000 7165000 37
3375000 7175000 50
3385000 7175000 50
3395000 7175000 50
3405000 7175000 50
3415000 7175000 50
3425000 7175000 50
3435000 7175000 50
3445000 7175000 50
3455000 7175000 50
3465000 7175000 50
3475000 7175000 50
3485000 7175000 50
3495000 7175000 50
3505000 7175000 50
3515000 7175000 50
3525000 7175000 50
3535000 7175000 50
3545000 7175000 50
3555000 7175000 50
3565000 7175000 50
3575000 7175000 50
3585000 7175000 50
3595000 7175000 50
3605000 7175000 50
3615000 7175000 37
3625000 7175000 37
3635000 7175000 37
3645000 7175000 37
3375000 7185000 50
3385000 7185000 50
3395000 7185000 50
3405000 7185000 50
3415000 7185000 50
3425000 7185000 50
3435000 7185000 50
3445000 7185000 50
3455000 7185000 50
3465000 7185000 50
3475000 7185000 50
3485000 7185000 50
3495000 7185000 50
3505000 7185000 50
3515000 7185000 50
3525000 7185000 50
3535000 7185000 50
3545000 7185000 50
3555000 7185000 50
3565000 7185000 50
3575000 7185000 50
3585000 7185000 50
3595000 7185000 50
3605000 7185000 50
3615000 7185000 37
3625000 7185000 37
3635000 7185000 37
3645000 7185000 37
3385000 7195000 50
3395000 7195000 50
3405000 7195000 50
3415000 7195000 37
3425000 7195000 50
3435000 7195000 50
3445000 7195000 50
3455000 7195000 50
3465000 7195000 50
3475000 7195000 50
3485000 7195000 50
3495000 7195000 50
3505000 7195000 50
3515000 7195000 50
3525000 7195000 50
3535000 7195000 50
3545000 7195000 50
3555000 7195000 50
3565000 7195000 50
3575000 7195000 50
3585000 7195000 50
3595000 7195000 50
3605000 7195000 50
3615000 7195000 37
3625000 7195000 37
3635000 7195000 37
3645000 7195000 37
3385000 7205000 50
3395000 7205000 50
3405000 7205000 37
3415000 7205000 37
3425000 7205000 37
3435000 7205000 37
3445000 7205000 50
3455000 7205000 50
3465000 7205000 50
3475000 7205000 50
3485000 7205000 50
3495000 7205000 50
3505000 7205000 50
3515000 7205000 50
3525000 7205000 50
3535000 7205000 50
3545000 7205000 50
3555000 7205000 50
3565000 7205000 50
3575000 7205000 50
3585000 7205000 50
3595000 7205000 50
3605000 7205000 50
3615000 7205000 37
3625000 7205000 37
3385000 7215000 50
3395000 7215000 50
3405000 7215000 50
3415000 7215000 12
3425000 7215000 12
3435000 7215000 37
3445000 7215000 37
3455000 7215000 37
3465000 7215000 50
3475000 7215000 50
3485000 7215000 50
3495000 7215000 50
3505000 7215000 50
3515000 7215000 50
3525000 7215000 50
3535000 7215000 50
3545000 7215000 50
3555000 7215000 50
3565000 7215000 50
3575000 7215000 50
3585000 7215000 50
3595000 7215000 50
3605000 7215000 50
3615000 7215000 37
3625000 7215000 37
3385000 7225000 50
3395000 7225000 50
3405000 7225000 50
3415000 7225000 50
3425000 7225000 37
3435000 7225000 37
3445000 7225000 37
3455000 7225000 37
3465000 7225000 37
3475000 7225000 37
3485000 7225000 37
3495000 7225000 37
3505000 7225000 37
3515000 7225000 50
3525000 7225000 50
3535000 7225000 50
3545000 7225000 50
3555000 7225000 50
3565000 7225000 50
3575000 7225000 50
3585000 7225000 50
3595000 7225000 50
3605000 7225000 37
3615000 7225000 37
3625000 7225000 37
3635000 7225000 37
3415000 7235000 50
3425000 7235000 37
3435000 7235000 37
3445000 7235000 37
3455000 7235000 37
3465000 7235000 37
3475000 7235000 37
3485000 7235000 37
3495000 7235000 37
3505000 7235000 37
3515000 7235000 37
3525000 7235000 50
3535000 7235000 50
3545000 7235000 50
3555000 7235000 50
3565000 7235000 50
3575000 7235000 50
3585000 7235000 50
3595000 7235000 37
3605000 7235000 37
3615000 7235000 37
3625000 7235000 37
3635000 7235000 37
3415000 7245000 50
3425000 7245000 37
3435000 7245000 37
3445000 7245000 37
3455000 7245000 37
3465000 7245000 37
3475000 7245000 37
3485000 7245000 37
3495000 7245000 37
3505000 7245000 37
3515000 7245000 37
3525000 7245000 37
3535000 7245000 50
3545000 7245000 50
3555000 7245000 50
3565000 7245000 50
3575000 7245000 50
3585000 7245000 37
3595000 7245000 37
3605000 7245000 37
3615000 7245000 37
3625000 7245000 37
3635000 7245000 37
3425000 7255000 50
3435000 7255000 50
3445000 7255000 37
3455000 7255000 37
3465000 7255000 37
3475000 7255000 37
3485000 7255000 37
3495000 7255000 37
3505000 7255000 37
3515000 7255000 37
3525000 7255000 37
3535000 7255000 50
3545000 7255000 50
3555000 7255000 37
3565000 7255000 37
3575000 7255000 37
3585000 7255000 37
3595000 7255000 37
3605000 7255000 37
3615000 7255000 37
3625000 7255000 37
3415000 7265000 50
3425000 7265000 50
3435000 7265000 50
3445000 7265000 50
3455000 7265000 37
3465000 7265000 37
3475000 7265000 37
3485000 7265000 37
3495000 7265000 37
3505000 7265000 37
3515000 7265000 37
3525000 7265000 37
3535000 7265000 37
3545000 7265000 37
3555000 7265000 37
3565000 7265000 37
3575000 7265000 37
3585000 7265000 37
3595000 7265000 37
3605000 7265000 37
3615000 7265000 37
3625000 7265000 37
3415000 7275000 50
3425000 7275000 50
3435000 7275000 50
3445000 7275000 50
3455000 7275000 50
3465000 7275000 37
3475000 7275000 37
3485000 7275000 37
3495000 7275000 37
3505000 7275000 37
3515000 7275000 37
3525000 7275000 37
3535000 7275000 37
3545000 7275000 37
3555000 7275000 37
3565000 7275000 37
3575000 7275000 37
3585000 7275000 37
3595000 7275000 37
3605000 7275000 37
3615000 7275000 37
3625000 7275000 37
3635000 7275000 37
3385000 7285000 50
3395000 7285000 50
3405000 7285000 50
3415000 7285000 50
3425000 7285000 50
3435000 7285000 50
3445000 7285000 50
3455000 7285000 50
3465000 7285000 37
3475000 7285000 37
3485000 7285000 37
3495000 7285000 37
3505000 7285000 37
3515000 7285000 37
3525000 7285000 37
3535000 7285000 37
3545000 7285000 37
3555000 7285000 37
3565000 7285000 37
3575000 7285000 37
3585000 7285000 37
3595000 7285000 37
3605000 7285000 37
3615000 7285000 37
3625000 7285000 37
3635000 7285000 37
3365000 7295000 50
3375000 7295000 50
3385000 7295000 37
3395000 7295000 37
3405000 7295000 37
3415000 7295000 37
3425000 7295000 37
3435000 7295000 37
3445000 7295000 50
3455000 7295000 50
3465000 7295000 50
3475000 7295000 37
3485000 7295000 37
3495000 7295000 37
3505000 7295000 37
3515000 7295000 37
3525000 7295000 37
3535000 7295000 37
3545000 7295000 37
3555000 7295000 37
3565000 7295000 37
3575000 7295000 37
3585000 7295000 37
3595000 7295000 37
3605000 7295000 37
3615000 7295000 37
3625000 7295000 37
3635000 7295000 37
3645000 7295000 37
3365000 7305000 37
3375000 7305000 50
3385000 7305000 37
3395000 7305000 12
3405000 7305000 37
3415000 7305000 37
3425000 7305000 37
3435000 7305000 37
3445000 7305000 50
3455000 7305000 50
3465000 7305000 50
3475000 7305000 50
3485000 7305000 37
3495000 7305000 37
3505000 7305000 37
3515000 7305000 37
3525000 7305000 37
3535000 7305000 37
3545000 7305000 37
3555000 7305000 37
3565000 7305000 37
3575000 7305000 12
3585000 7305000 12
3595000 7305000 12
3605000 7305000 12
3615000 7305000 37
3625000 7305000 37
3635000 7305000 37
3645000 7305000 37
3365000 7315000 37
3375000 7315000 50
3385000 7315000 37
3395000 7315000 37
3405000 7315000 37
3415000 7315000 37
3425000 7315000 37
3435000 7315000 37
3445000 7315000 50
3455000 7315000 50
3465000 7315000 50
3475000 7315000 50
3485000 7315000 50
3495000 7315000 37
3505000 7315000 37
3515000 7315000 37
3525000 7315000 37
3535000 7315000 37
3545000 7315000 37
3555000 7315000 12
3565000 7315000 12
3575000 7315000 12
3585000 7315000 12
3595000 7315000 12
3605000 7315000 12
3615000 7315000 12
3625000 7315000 12
3635000 7315000 37
3645000 7315000 37
3365000 7325000 50
3375000 7325000 50
3385000 7325000 37
3395000 7325000 37
3405000 7325000 37
3415000 7325000 37
3425000 7325000 37
3435000 7325000 37
3445000 7325000 50
3455000 7325000 50
3465000 7325000 50
3475000 7325000 50
3485000 7325000 50
3495000 7325000 37
3505000 7325000 37
3515000 7325000 37
3525000 7325000 37
3535000 7325000 37
3545000 7325000 12
3555000 7325000 12
3565000 7325000 12
3575000 7325000 2
3585000 7325000 2
3595000 7325000 2
3605000 7325000 12
3615000 7325000 12
3625000 7325000 12
3635000 7325000 37
3365000 7335000 50
3375000 7335000 50
3385000 7335000 37
3395000 7335000 37
3405000 7335000 37
3415000 7335000 37
3425000 7335000 37
3435000 7335000 37
3445000 7335000 37
3455000 7335000 50
3465000 7335000 50
3475000 7335000 50
3485000 7335000 50
3495000 7335000 37
3505000 7335000 37
3515000 7335000 37
3525000 7335000 37
3535000 7335000 12
3545000 7335000 12
3555000 7335000 12
3565000 7335000 12
3575000 7335000 2
3585000 7335000 2
3595000 7335000 2
3605000 7335000 2
3615000 7335000 12
3625000 7335000 12
3635000 7335000 37
3355000 7345000 50
3365000 7345000 50
3375000 7345000 50
3385000 7345000 50
3395000 7345000 37
3405000 7345000 37
3415000 7345000 37
3425000 7345000 37
3435000 7345000 37
3445000 7345000 37
3455000 7345000 50
3465000 7345000 50
3475000 7345000 50
3485000 7345000 50
3495000 7345000 37
3505000 7345000 37
3515000 7345000 37
3525000 7345000 37
3535000 7345000 12
3545000 7345000 12
3555000 7345000 12
3565000 7345000 2
3575000 7345000 2
3585000 7345000 2
3595000 7345000 2
3605000 7345000 2
3615000 7345000 12
3625000 7345000 12
3635000 7345000 37
3355000 7355000 50
3365000 7355000 50
3375000 7355000 50
3385000 7355000 50
3395000 7355000 50
3405000 7355000 50
3415000 7355000 37
3425000 7355000 37
3435000 7355000 37
3445000 7355000 37
3455000 7355000 37
3465000 7355000 37
3475000 7355000 37
3485000 7355000 37
3495000 7355000 37
3505000 7355000 37
3515000 7355000 37
3525000 7355000 37
3535000 7355000 12
3545000 7355000 12
3555000 7355000 12
3565000 7355000 12
3575000 7355000 2
3585000 7355000 2
3595000 7355000 2
3605000 7355000 12
3615000 7355000 37
3625000 7355000 37
3345000 7365000 50
3355000 7365000 50
3365000 7365000 50
3375000 7365000 50
3385000 7365000 50
3395000 7365000 50
3405000 7365000 50
3415000 7365000 50
3425000 7365000 50
3435000 7365000 37
3445000 7365000 37
3455000 7365000 37
3465000 7365000 37
3475000 7365000 37
3485000 7365000 37
3495000 7365000 37
3505000 7365000 37
3515000 7365000 37
3525000 7365000 37
3535000 7365000 37
3545000 7365000 12
3555000 7365000 12
3565000 7365000 12
3575000 7365000 12
3585000 7365000 12
3595000 7365000 12
3605000 7365000 37
3615000 7365000 37
3355000 7375000 50
3365000 7375000 50
3375000 7375000 50
3385000 7375000 50
3395000 7375000 50
3405000 7375000 50
3415000 7375000 37
3425000 7375000 37
3435000 7375000 37
3445000 7375000 37
3455000 7375000 37
3465000 7375000 37
3475000 7375000 37
3485000 7375000 37
3495000 7375000 37
3505000 7375000 37
3515000 7375000 37
3525000 7375000 37
3535000 7375000 37
3545000 7375000 37
3555000 7375000 37
3565000 7375000 12
3575000 7375000 12
3585000 7375000 12
3595000 7375000 37
3605000 7375000 37
3615000 7375000 37
3355000 7385000 50
3365000 7385000 50
3375000 7385000 50
3385000 7385000 50
3395000 7385000 50
3405000 7385000 50
3415000 7385000 37
3425000 7385000 37
3435000 7385000 37
3445000 7385000 37
3455000 7385000 37
3465000 7385000 37
3475000 7385000 37
3485000 7385000 37
3495000 7385000 37
3505000 7385000 37
3515000 7385000 37
3525000 7385000 37
3535000 7385000 37
3545000 7385000 37
3555000 7385000 37
3565000 7385000 37
3575000 7385000 37
3585000 7385000 37
3595000 7385000 37
3605000 7385000 37
3615000 7385000 37
3365000 7395000 50
3375000 7395000 50
3385000 7395000 50
3395000 7395000 50
3405000 7395000 50
3415000 7395000 37
3425000 7395000 37
3435000 7395000 37
3445000 7395000 37
3455000 7395000 37
3465000 7395000 37
3475000 7395000 50
3485000 7395000 50
3495000 7395000 37
3505000 7395000 37
3515000 7395000 37
3525000 7395000 37
3535000 7395000 37
3545000 7395000 37
3555000 7395000 37
3565000 7395000 37
3575000 7395000 37
3585000 7395000 37
3595000 7395000 37
3605000 7395000 37
3365000 7405000 50
3375000 7405000 50
3385000 7405000 50
3395000 7405000 50
3405000 7405000 50
3415000 7405000 37
3425000 7405000 37
3435000 7405000 37
3445000 7405000 37
3455000 7405000 50
3465000 7405000 50
3475000 7405000 50
3485000 7405000 50
3495000 7405000 50
3505000 7405000 37
3515000 7405000 37
3525000 7405000 37
3535000 7405000 37
3545000 7405000 37
3555000 7405000 37
3565000 7405000 37
3575000 7405000 37
3585000 7405000 37
3595000 7405000 37
3605000 7405000 50
3365000 7415000 50
3375000 7415000 50
3385000 7415000 50
3395000 7415000 50
3405000 7415000 50
3415000 7415000 37
3425000 7415000 50
3435000 7415000 37
3445000 7415000 37
3455000 7415000 37
3465000 7415000 50
3475000 7415000 50
3485000 7415000 50
3495000 7415000 50
3505000 7415000 50
3515000 7415000 50
3525000 7415000 50
3535000 7415000 50
3545000 7415000 50
3555000 7415000 37
3565000 7415000 37
3575000 7415000 37
3585000 7415000 37
3595000 7415000 37
3365000 7425000 50
3375000 7425000 50
3385000 7425000 50
3395000 7425000 50
3405000 7425000 50
3415000 7425000 50
3425000 7425000 50
3435000 7425000 50
3445000 7425000 37
3455000 7425000 37
3465000 7425000 37
3475000 7425000 37
3485000 7425000 50
3495000 7425000 50
3505000 7425000 50
3515000 7425000 50
3525000 7425000 50
3535000 7425000 50
3545000 7425000 50
3555000 7425000 50
3565000 7425000 50
3575000 7425000 50
3585000 7425000 50
3355000 7435000 50
3365000 7435000 50
3375000 7435000 50
3385000 7435000 50
3395000 7435000 50
3405000 7435000 50
3415000 7435000 50
3425000 7435000 50
3435000 7435000 37
3445000 7435000 37
3455000 7435000 37
3465000 7435000 37
3475000 7435000 37
3485000 7435000 37
3495000 7435000 50
3505000 7435000 50
3515000 7435000 50
3525000 7435000 50
3535000 7435000 50
3545000 7435000 50
3555000 7435000 50
3565000 7435000 50
3575000 7435000 50
3585000 7435000 50
3595000 7435000 50
3355000 7445000 50
3365000 7445000 50
3375000 7445000 50
3385000 7445000 50
3395000 7445000 50
3405000 7445000 50
3415000 7445000 50
3425000 7445000 50
3435000 7445000 37
3445000 7445000 37
3455000 7445000 37
3465000 7445000 37
3475000 7445000 37
3485000 7445000 37
3495000 7445000 37
3505000 7445000 50
3515000 7445000 50
3525000 7445000 50
3535000 7445000 50
3545000 7445000 50
3555000 7445000 50
3565000 7445000 50
3575000 7445000 50
3585000 7445000 50
3595000 7445000 50
3355000 7455000 50
3365000 7455000 50
3375000 7455000 50
3385000 7455000 50
3395000 7455000 50
3405000 7455000 50
3415000 7455000 50
3425000 7455000 50
3435000 7455000 37
3445000 7455000 37
3455000 7455000 37
3465000 7455000 37
3475000 7455000 37
3485000 7455000 37
3495000 7455000 37
3505000 7455000 37
3515000 7455000 50
3525000 7455000 50
3535000 7455000 50
3545000 7455000 50
3555000 7455000 50
3565000 7455000 50
3575000 7455000 50
3585000 7455000 50
3595000 7455000 50
3605000 7455000 50
3355000 7465000 50
3365000 7465000 50
3375000 7465000 50
3385000 7465000 50
3395000 7465000 50
3405000 7465000 50
3415000 7465000 50
3425000 7465000 50
3435000 7465000 37
3445000 7465000 37
3455000 7465000 37
3465000 7465000 12
3475000 7465000 12
3485000 7465000 12
3495000 7465000 12
3505000 7465000 37
3515000 7465000 37
3525000 7465000 37
3535000 7465000 37
3545000 7465000 37
3555000 7465000 50
3565000 7465000 37
3575000 7465000 37
3585000 7465000 37
3595000 7465000 37
3605000 7465000 37
3355000 7475000 50
3365000 7475000 50
3375000 7475000 50
3385000 7475000 50
3395000 7475000 50
3405000 7475000 50
3415000 7475000 50
3425000 7475000 50
3435000 7475000 50
3445000 7475000 37
3455000 7475000 37
3465000 7475000 12
3475000 7475000 12
3485000 7475000 2
3495000 7475000 12
3505000 7475000 12
3515000 7475000 37
3525000 7475000 37
3535000 7475000 37
3545000 7475000 37
3555000 7475000 37
3565000 7475000 37
3575000 7475000 37
3585000 7475000 37
3595000 7475000 37
3605000 7475000 37
3615000 7475000 37
3345000 7485000 50
3355000 7485000 50
3365000 7485000 50
3375000 7485000 50
3385000 7485000 50
3395000 7485000 37
3405000 7485000 37
3415000 7485000 37
3425000 7485000 37
3435000 7485000 50
3445000 7485000 37
3455000 7485000 37
3465000 7485000 12
3475000 7485000 12
3485000 7485000 12
3495000 7485000 12
3505000 7485000 12
3515000 7485000 12
3525000 7485000 37
3535000 7485000 37
3545000 7485000 37
3555000 7485000 37
3565000 7485000 37
3575000 7485000 37
3585000 7485000 37
3595000 7485000 37
3605000 7485000 37
3615000 7485000 37
3625000 7485000 37
3345000 7495000 50
3355000 7495000 50
3365000 7495000 50
3375000 7495000 50
3385000 7495000 37
3395000 7495000 37
3405000 7495000 37
3415000 7495000 37
3425000 7495000 37
3435000 7495000 37
3445000 7495000 50
3455000 7495000 37
3465000 7495000 37
3475000 7495000 12
3485000 7495000 12
3495000 7495000 12
3505000 7495000 12
3515000 7495000 12
3525000 7495000 37
3535000 7495000 37
3545000 7495000 37
3555000 7495000 37
3565000 7495000 37
3575000 7495000 37
3585000 7495000 37
3595000 7495000 37
3605000 7495000 37
3615000 7495000 37
3625000 7495000 37
3345000 7505000 37
3355000 7505000 37
3365000 7505000 37
3375000 7505000 37
3385000 7505000 37
3395000 7505000 37
3405000 7505000 37
3415000 7505000 37
3425000 7505000 37
3435000 7505000 37
3445000 7505000 50
3455000 7505000 37
3465000 7505000 37
3475000 7505000 37
3485000 7505000 37
3495000 7505000 12
3505000 7505000 12
3515000 7505000 12
3525000 7505000 12
3535000 7505000 12
3545000 7505000 12
3555000 7505000 37
3565000 7505000 37
3575000 7505000 37
3585000 7505000 37
3595000 7505000 37
3605000 7505000 37
3615000 7505000 37
3625000 7505000 37
3355000 7515000 37
3365000 7515000 37
3375000 7515000 37
3385000 7515000 37
3395000 7515000 37
3405000 7515000 37
3415000 7515000 37
3425000 7515000 37
3435000 7515000 37
3445000 7515000 50
3455000 7515000 37
3465000 7515000 37
3475000 7515000 37
3485000 7515000 37
3495000 7515000 37
3505000 7515000 37
3515000 7515000 12
3525000 7515000 12
3535000 7515000 12
3545000 7515000 12
3555000 7515000 37
3565000 7515000 37
3575000 7515000 37
3585000 7515000 37
3595000 7515000 37
3605000 7515000 37
3615000 7515000 37
3625000 7515000 37
3355000 7525000 37
3365000 7525000 37
3375000 7525000 37
3385000 7525000 37
3395000 7525000 50
3405000 7525000 50
3415000 7525000 50
3425000 7525000 50
3435000 7525000 50
3445000 7525000 50
3455000 7525000 50
3465000 7525000 37
3475000 7525000 37
3485000 7525000 37
3495000 7525000 37
3505000 7525000 37
3515000 7525000 37
3525000 7525000 12
3535000 7525000 12
3545000 7525000 12
3555000 7525000 12
3565000 7525000 37
3575000 7525000 37
3585000 7525000 37
3595000 7525000 37
3605000 7525000 37
3615000 7525000 37
3355000 7535000 12
3365000 7535000 12
3375000 7535000 12
3385000 7535000 50
3395000 7535000 50
3405000 7535000 50
3415000 7535000 50
3425000 7535000 50
3435000 7535000 50
3445000 7535000 50
3455000 7535000 50
3465000 7535000 50
3475000 7535000 37
3485000 7535000 50
3495000 7535000 37
3505000 7535000 37
3515000 7535000 37
3525000 7535000 12
3535000 7535000 12
3545000 7535000 12
3555000 7535000 37
3565000 7535000 37
3575000 7535000 37
3585000 7535000 37
3595000 7535000 37
3605000 7535000 37
3615000 7535000 37
3355000 7545000 12
3365000 7545000 12
3375000 7545000 12
3385000 7545000 50
3395000 7545000 50
3405000 7545000 50
3415000 7545000 50
3425000 7545000 50
3435000 7545000 50
3445000 7545000 50
3455000 7545000 50
3465000 7545000 50
3475000 7545000 50
3485000 7545000 50
3495000 7545000 50
3505000 7545000 50
3515000 7545000 50
3525000 7545000 37
3535000 7545000 37
3545000 7545000 37
3555000 7545000 37
3565000 7545000 37
3575000 7545000 37
3585000 7545000 37
3595000 7545000 37
3605000 7545000 37
3345000 7555000 12
3355000 7555000 12
3365000 7555000 12
3375000 7555000 2
3385000 7555000 50
3395000 7555000 50
3405000 7555000 50
3415000 7555000 50
3425000 7555000 50
3435000 7555000 50
3445000 7555000 50
3455000 7555000 50
3465000 7555000 50
3475000 7555000 50
3485000 7555000 50
3495000 7555000 50
3505000 7555000 50
3515000 7555000 50
3525000 7555000 50
3535000 7555000 37
3545000 7555000 37
3555000 7555000 37
3565000 7555000 37
3575000 7555000 37
3585000 7555000 37
3595000 7555000 37
3605000 7555000 37
3345000 7565000 12
3355000 7565000 12
3365000 7565000 12
3375000 7565000 12
3385000 7565000 37
3395000 7565000 50
3405000 7565000 50
3415000 7565000 50
3425000 7565000 50
3435000 7565000 50
3445000 7565000 50
3455000 7565000 50
3465000 7565000 50
3475000 7565000 50
3485000 7565000 50
3495000 7565000 50
3505000 7565000 50
3515000 7565000 50
3525000 7565000 50
3535000 7565000 50
3545000 7565000 37
3555000 7565000 37
3565000 7565000 37
3575000 7565000 37
3585000 7565000 37
3335000 7575000 37
3345000 7575000 37
3355000 7575000 12
3365000 7575000 12
3375000 7575000 37
3385000 7575000 37
3395000 7575000 50
3405000 7575000 50
3415000 7575000 50
3425000 7575000 50
3435000 7575000 50
3445000 7575000 50
3455000 7575000 50
3465000 7575000 50
3475000 7575000 50
3485000 7575000 50
3495000 7575000 50
3505000 7575000 50
3515000 7575000 50
3525000 7575000 50
3535000 7575000 50
3545000 7575000 37
3555000 7575000 37
3565000 7575000 37
3335000 7585000 37
3345000 7585000 37
3355000 7585000 37
3365000 7585000 37
3375000 7585000 37
3385000 7585000 37
3395000 7585000 50
3405000 7585000 50
3415000 7585000 50
3425000 7585000 50
3435000 7585000 50
3445000 7585000 50
3455000 7585000 50
3465000 7585000 50
3475000 7585000 50
3485000 7585000 50
3495000 7585000 50
3505000 7585000 50
3515000 7585000 50
3525000 7585000 50
3535000 7585000 50
3545000 7585000 50
3555000 7585000 50
3565000 7585000 50
3325000 7595000 50
3335000 7595000 37
3345000 7595000 37
3355000 7595000 37
3365000 7595000 37
3375000 7595000 37
3385000 7595000 50
3395000 7595000 50
3405000 7595000 50
3415000 7595000 50
3425000 7595000 50
3435000 7595000 50
3445000 7595000 50
3455000 7595000 50
3465000 7595000 50
3475000 7595000 50
3485000 7595000 50
3495000 7595000 50
3505000 7595000 50
3515000 7595000 50
3525000 7595000 50
3535000 7595000 50
3545000 7595000 50
3555000 7595000 50
3565000 7595000 50
3295000 7605000 50
3305000 7605000 50
3315000 7605000 50
3325000 7605000 50
3335000 7605000 50
3345000 7605000 50
3355000 7605000 37
3365000 7605000 37
3375000 7605000 50
3385000 7605000 50
3395000 7605000 50
3405000 7605000 50
3415000 7605000 50
3425000 7605000 50
3435000 7605000 50
3445000 7605000 50
3455000 7605000 50
3465000 7605000 50
3475000 7605000 50
3485000 7605000 50
3495000 7605000 50
3505000 7605000 50
3515000 7605000 37
3525000 7605000 37
3535000 7605000 50
3545000 7605000 50
3555000 7605000 50
3565000 7605000 50
3295000 7615000 50
3305000 7615000 50
3315000 7615000 50
3325000 7615000 50
3335000 7615000 50
3345000 7615000 50
3355000 7615000 50
3365000 7615000 37
3375000 7615000 50
3385000 7615000 50
3395000 7615000 50
3405000 7615000 50
3415000 7615000 50
3425000 7615000 50
3435000 7615000 50
3445000 7615000 50
3455000 7615000 50
3465000 7615000 50
3475000 7615000 50
3485000 7615000 50
3495000 7615000 37
3505000 7615000 37
3515000 7615000 37
3525000 7615000 37
3535000 7615000 50
3545000 7615000 50
3555000 7615000 50
3565000 7615000 50
3285000 7625000 50
3295000 7625000 50
3305000 7625000 50
3315000 7625000 50
3325000 7625000 50
3335000 7625000 50
3345000 7625000 50
3355000 7625000 50
3365000 7625000 37
3375000 7625000 50
3385000 7625000 50
3395000 7625000 50
3405000 7625000 50
3425000 7625000 50
3435000 7625000 50
3445000 7625000 50
3455000 7625000 50
3465000 7625000 50
3475000 7625000 50
3485000 7625000 50
3495000 7625000 50
3505000 7625000 50
3515000 7625000 37
3525000 7625000 50
3535000 7625000 50
3545000 7625000 50
3555000 7625000 50
3565000 7625000 50
3275000 7635000 50
3285000 7635000 50
3295000 7635000 50
3305000 7635000 50
3315000 7635000 50
3325000 7635000 50
3365000 7635000 50
3375000 7635000 50
3385000 7635000 50
3425000 7635000 50
3435000 7635000 50
3445000 7635000 50
3455000 7635000 50
3465000 7635000 50
3475000 7635000 50
3485000 7635000 50
3495000 7635000 50
3505000 7635000 50
3515000 7635000 50
3525000 7635000 50
3535000 7635000 50
3545000 7635000 50
3555000 7635000 50
3565000 7635000 50
3575000 7635000 50
3265000 7645000 50
3275000 7645000 50
3285000 7645000 50
3295000 7645000 50
3305000 7645000 50
3315000 7645000 50
3365000 7645000 37
3375000 7645000 50
3425000 7645000 50
3435000 7645000 50
3445000 7645000 50
3455000 7645000 50
3465000 7645000 50
3475000 7645000 50
3485000 7645000 50
3495000 7645000 50
3505000 7645000 50
3515000 7645000 50
3525000 7645000 50
3535000 7645000 50
3545000 7645000 50
3555000 7645000 50
3565000 7645000 50
3575000 7645000 50
3255000 7655000 50
3265000 7655000 50
3275000 7655000 50
3285000 7655000 50
3295000 7655000 50
3305000 7655000 50
3315000 7655000 50
3445000 7655000 50
3455000 7655000 50
3465000 7655000 50
3475000 7655000 50
3485000 7655000 50
3495000 7655000 50
3505000 7655000 50
3515000 7655000 50
3525000 7655000 50
3535000 7655000 50
3545000 7655000 50
3555000 7655000 50
3565000 7655000 50
3575000 7655000 50
3255000 7665000 50
3265000 7665000 50
3275000 7665000 50
3285000 7665000 50
3295000 7665000 50
3305000 7665000 50
3445000 7665000 50
3455000 7665000 50
3465000 7665000 50
3475000 7665000 50
3485000 7665000 50
3495000 7665000 50
3505000 7665000 50
3515000 7665000 50
3525000 7665000 50
3535000 7665000 50
3545000 7665000 50
3555000 7665000 50
3565000 7665000 50
3575000 7665000 50
3245000 7675000 50
3255000 7675000 50
3265000 7675000 50
3275000 7675000 50
3285000 7675000 50
3295000 7675000 50
3305000 7675000 50
3445000 7675000 50
3455000 7675000 50
3465000 7675000 50
3475000 7675000 50
3485000 7675000 50
3495000 7675000 50
3505000 7675000 50
3515000 7675000 50
3525000 7675000 50
3535000 7675000 50
3545000 7675000 50
3555000 7675000 50
3565000 7675000 50
3575000 7675000 50
3245000 7685000 50
3255000 7685000 50
3265000 7685000 50
3275000 7685000 50
3285000 7685000 50
3295000 7685000 50
3445000 7685000 50
3455000 7685000 50
3465000 7685000 50
3475000 7685000 50
3485000 7685000 50
3495000 7685000 50
3505000 7685000 50
3515000 7685000 50
3525000 7685000 50
3535000 7685000 50
3545000 7685000 50
3555000 7685000 50
3565000 7685000 50
3575000 7685000 50
3265000 7695000 50
3275000 7695000 50
3285000 7695000 50
3295000 7695000 50
3455000 7695000 50
3465000 7695000 50
3475000 7695000 50
3485000 7695000 50
3495000 7695000 50
3505000 7695000 50
3515000 7695000 50
3525000 7695000 50
3535000 7695000 50
3545000 7695000 50
3555000 7695000 50
3565000 7695000 50
3575000 7695000 50
3585000 7695000 50
3275000 7705000 37
3285000 7705000 50
3455000 7705000 50
3465000 7705000 50
3475000 7705000 50
3485000 7705000 50
3495000 7705000 50
3505000 7705000 50
3515000 7705000 50
3525000 7705000 50
3535000 7705000 50
3545000 7705000 50
3555000 7705000 50
3565000 7705000 50
3575000 7705000 50
3585000 7705000 50
3455000 7715000 50
3465000 7715000 50
3475000 7715000 37
3485000 7715000 50
3495000 7715000 50
3505000 7715000 50
3515000 7715000 50
3525000 7715000 50
3535000 7715000 50
3545000 7715000 50
3555000 7715000 50
3565000 7715000 50
3575000 7715000 50
3585000 7715000 50
3595000 7715000 50
3455000 7725000 50
3465000 7725000 50
3475000 7725000 37
3485000 7725000 37
3495000 7725000 50
3505000 7725000 50
3515000 7725000 50
3525000 7725000 50
3535000 7725000 50
3545000 7725000 50
3555000 7725000 50
3565000 7725000 50
3575000 7725000 50
3585000 7725000 50
3455000 7735000 50
3465000 7735000 37
3475000 7735000 37
3485000 7735000 37
3495000 7735000 37
3505000 7735000 37
3515000 7735000 37
3525000 7735000 37
3535000 7735000 50
3545000 7735000 50
3555000 7735000 50
3565000 7735000 50
3575000 7735000 50
3585000 7735000 50
3465000 7745000 50
3475000 7745000 37
3485000 7745000 37
3495000 7745000 37
3505000 7745000 37
3515000 7745000 37
3525000 7745000 37
3535000 7745000 37
3545000 7745000 50
3555000 7745000 50
3565000 7745000 50
3575000 7745000 50
3475000 7755000 37
3485000 7755000 37
3495000 7755000 37
3505000 7755000 37
3515000 7755000 37
3525000 7755000 37
3535000 7755000 50
3545000 7755000 50
3555000 7755000 50
3475000 7765000 50
3485000 7765000 37
3495000 7765000 37
3505000 7765000 37
3515000 7765000 37
3525000 7765000 37
3535000 7765000 37
3545000 7765000 50
3515000 7775000 37
3525000 7775000 37
3535000 7775000 37
3525000 7785000 37
3535000 7785000 37
